231,30,18,47
82,180,142,7,101
48,190,160,130,94
183,106,128,178,182,33,102
105,155,144,156
148,227,241,7,194,207,58,149,184,16
122,108,222,170,12
88,190,110,198,55
146,56,47,234,57,129
173,94,33,41,206,250,138
57,195,37,105,17
253,111,25,194,207,132,220,87
47,234,241,7,194,207,162,33,165,24,144
188,85,205
81,70,151,182,33,6
180,195,9,132,220,88
57,195,37,147
102,83,86,190,110,74
153,35,73,2,46,56
63,150
28,149,139
77,123,119,248
137,143,241,7,194,248,157,218,20,70,151
57,129,135,169
238,165,81,70,49,43,31
188,85,159,206,52,234,241,19,150
254,73,2,138,252
75,27,171,197,114,183
235,238,165,24,141,66
179,80,30,133,174,82
125,123,15,71,115,130
61,163,136,252,78,230
216,17,193
122,108,87,237
67,194,207,162,33,41,206,52,234
132,220,31,22,58,149,139,54,247
247,12,143,241,7,194,37,211
95,134,214,105,155
67,194,207,162,33,41,98,112
239,110,172,248,157
70,151,124,148
52,226,152,207,162,33,102,83,86
49,169,70,151,124,235
168,123,119,113,29,42,35,196
181,86,190,110,172,248
72,20,70,151,199,32
234,241,60,29,39,164,118
185,33,165,24,141,79,217
231,30,18
196,115,130,94,33,41,206,52,226
14,218
177,174,40,222,170
122,108,157,218,20,69,200,256,123,119,113
93,139,54,71,115,130,94,208
149,184,16,33
79,217,110,172,248,157,218,20,70,151,219,202
64,155,57
207,141,66,65
141,79,217,221,207,162,33,165,24
28,209,158,176,189,100,20,69,121
84,53,231,30
102,83,86,190,110,223,69,200,256,123,188
227,104,256,123,15,71
248,76,242,256,123,119,113,9
253,156,114,41,206,52,234,38
204,17,76,242,84,53
33,50,195
152,207,162,33,165,24,249
48,190,110,172,248,178,25,139,54
75,27,41,206,52,234,38
147,182,33,41,49,43
20,70,151,124,194,248,157,218
192,2,132,220,88,190,160,130,94,70,151,124,235
189,128,178,25,157,218
70,151,124,194,75
17,76,160,177,174,82
64,191,146
41,98,71,109
152,207,58,149,139,54,71,109,134,201
203,113,208,36,243,237
145,182,33,41,98,71,115
117,71,115,12,143,76,160,177
222,170,203,168
24,144,41,206,52,234,84
154,72,183,106
135,128,228,124
49,43,31,132,220,88
151,124,235,84
98,71,115,130,94,70,151,124,235,127
249,65,119,113,94,70,151,124,235,127
193,136,252,78,204
205,184,16
76,160,130,94
61,167,26,23,169,59
4,165,81,70,151,124,194,75
77,145,182,33,41,206,14,11
25,194,248,76,160,177
28,209,213,140
117,71,115,130,94,70,151,124,235,233
57,129,135,256,123,119,238
220,88,190,160,57,61
88,190,160,130,94,70,151,124,194,207
219,202,94,70,151,81,106
122,108,178,182,33,165,24
201,30,133,157,218,20,91,215
174,180,95,70,151,81
135,256,123,188,85,205,158,176
24,141,79,217,221
172,248,157,218
92,7,194,37,147,1,209
195,145,182,33,165,24,233
183,171,197,114
82,23,169
165,24,144,41,73,107
17,76,160,177,174,40
115,130,94,70,151,124,148,227
146,56,133,157,218,20,70,49
182,33,41,73,147,208,36,243
129,135,256,123,15,44
65,119,238,78
116,2,132,220,88,190,160,130,94,70,151,124,235
191,208,238,165,24,141,79,217,221
29,42,197,114,179
247,12,143,241,60,29,250
26,23,169,42,197,114,41,206,52
203,39,164,118,198,222,170,12,166
227,104,20,70,151,219
210,58,149,184,16,33,41,73
158,176,189,100,20,70,151,81
248,76,160,130
20,69,200,256,123,119,187,255,97
121,198,222,170,203,204
3,207,162,33,102,83,86,203,39
29,256,123,188,96
172,248,157,218,20,70,151,219,249
93,139,54,247,12,143,241,7,194,37,105
227,104,20
49,43,113,208,36,61
110,172,98,108
174,40,222,1,245,21
38,130,94,70
135,256,123,119,113,9,132
148,227,104,20,70,151,81,106,128,40
36,223,69,121,198,63
182,33,165,81
203,39,174,180,95,134
232,21,190,33,102,83,86,68
137,64,89
122,204,17,193
40,200,256,123,119,113,208,36,61
10,104,256,123
175,53,103
117,71,115,51,207,141,79,254
218,194
217,55,146,75,27
110,198,222,170,203,168
235,127
27,75,79,217,221
101,118,209
158,176,189,128,40
255,239,110,172,98,112,75
49,43,31,22,122,108,87,210
196,115,130,94,70,151,124,235,238,78
173,94,70,49,43,212,28,209
212,28,209,158,176,189,100,200,256,123,15
152,207,58,149,183,106,128,228
214,122,108,191,246
213,133,157,218,194,37,105
242,84,53,228
223,69,200,256,162,33,41,206
191,208,238,165,24,141
89,253,240,126,252,168
160,130,94,70,151,124,235,84
200,256,123,119,113,94,70,151,124,8
232,21,67,194,37,211
44,127,99
193,255
215,109,57,195
89,253,156,114,183,106,128
160,130,94,33,165,24,144
198,222,170,203
189,199
86,190,160,130,94,70,151,103
181,126,252
70,151,124,148,227,142
132,220,88,190,160,130,94,70,151,124,235
42,197,12,166,174
1,245,21,190,160,177,115
204,17,76,242,256,123,119,113,208,120,186
104,256,123,119,113,136
188,85,205,158,176,189,128,40,39,164,118
78,204,17,76,242,256
250,138,252,168,82,180,95,134,214
251,23,169,70,151,124,194,75
224,18,78,204
178,25,157,124,235,127
100,20,70,151,124,235,127,99
131,83,86
140,85,205,158,176,189,128
169,42,197,114,183
21,190,160,177,174,180,142
245,151,163,123
138,252,168,123,119,113,29,39,174
51,207,162,188,96
7,194,248,157
8,174,180,95,134
179,80,167,26
73,2
193,20,69,71,109,134
60,29,42,197,12,143,76,242
43,31,114,41,206,178,25,194
47,164,118,209,158
219,124,194,207,58,149,139
44,118,198,63,104
62,70,151,103,98
126,252,34,36
66,156,114,41,206,250
226,152,207,58,195,145
58,149,184,16,33,41,73
221,207,162,33,41,206,52,234,84
226,152,207,162,33,12,143,27,75,32
239,110,74,128,228
102,83,86,203,46,56,47
202,76,242,140
183,106,128,228,154,93
67,194,207,58,240,99
233,144,40,39,174,17,76
150,171,197,114,183
93,230,172,248,157,218,20,243
47,234,84,53,228,18
205,158,176,189,100,20,69,121,198
22,58,149,184,16,33,165,81
95,134,92
152,207,162,33,41,206,52
53,168,82,180
176,189,128,40,222,170
204,17,76,242,256,162,33,50,2
176,189,100,200,256,109,134
205,158,176,189,100,200,256,162
2,132,220,88,190,187,253,156
46,212,28,160,130,94,70,151,124,8
65,119,187,253,240,92
92,7,194,37,147,205,158,176,189,100
78,43
91,54,71,115
200,256,162,33,165,24,141
30,211,214,10
4,201,30
147,182,33,165,24,144
144,41,206,14,120
200,256,123,119,113,94,70,49
28,149,184,16,33,41,206,53
19,150,142,129
210,58,149,184,16,33,41,206,223,69,121
62,123,15,71,115,12,143,241,7
2,132,220,88,190,160,130,94,70,151,124
118,209,158,176,189,100,20,70,151,80
127,184,16,33,102,83,86,203,39,174,180,95
22,58,78
193,20,70,151,124,148,227,104
207,58,149,153
55,212,28,209,35,196
233,144,156,114,183,106,128,228,18
85,205,158,176,189,100,200,54
5,238,165,81,70,151,103
100,200,256,123,119,113
165,81,70,151,103,220,87,210
41,98,112,244,10
46,194,207,162,33,6
18,219,249
71,115,12,143,27,83,86,190,110,198,224
61,163,136
173,94,70,151,124,235,238,78,204
217,221,79,254,131,137
158,176,189,128,40,222,1,245
15,71,115,12,143,76,242,84,53
103,15,71,115,12,143,241,7,194,26
252,168,123,15,71,115,51
217,221,207,58
223,69,71,115,130,94,70,49,43
181,58,149,184,16,33,165,24,249
179,80,41,206,14,11
151,80,246,209,158,176
173,94,33,102,83,86,203,39
156,114,183,106,128,228
239,110,172,98,112,86,179
215,187,253,240,92,152
127,65,119,113,22,122,108
218,20,69,200,256,123,119,113,29,60
169,70,151,124,235,125,168
128,115,12,143,76,242,140
248,157,218,20,69,42
45,119,113,22,58,149,139,54,247
71,115,163,136,252,168
117,71,256
179,80,41,173,186
144,41,102,24
203,113,94,70,151,124,8
224,193,20,69,200,256,123,188
200,256,123,15,71,82,231
209,158,176,189,100,200,256,109,134,225,48
190,160,130,94,70,151,81,106
205,158,176,189,33,6,55
71,115,2,132,220
63,162,33,41,206,59
124,235,238,167,21,67
27,171,180,95,134
91,54,247,12,56
87,28,209,158,176,189,128,228,18,78
192,2,63,162,33,165
162,33,41,206,250,138
147,182,33,41,206,52,226,240,92
252,78,204,17,76
192,164,118,198,222,170,203,39
87,28,209,158,176,189,100,200,256,123,119,113,29,42,197
95,134,111,25,139
98,112,75,27
140,182,33,12
184,16,33,50,2,132,220,31,230
70,151,124,148,227
177,174,40,240,92,179
153,35,73,147,208
54,71,23,169
210,58,149,184,16,33,41,206,251,23
213,140,85,175,108,87
189,100,200,256,123,188
256,123,119,113,136,252
61,37,171,197,173
198,63,162,33,41,206,14,120
39,174,17,76,160,130,94
170,22,58,149,183,106,128,228
65,119,113,208,111
100,200,247,12,166,174,180,95
208,238,167,21,215
22,242,140,85,13
235,127,65
200,161
253,111,89,233
209,35,73,147,182,33,165,24,144
202,94,70,151,91,232
206,178,25,194,207,141,79,217
222,170,22,195,225,117
156,187,204
185,33,41,206,52
171,197,81,70,151,80
137,58,149,139,54,71,109
195,9,164,118
213,133,157,218,20,70,151
211,197,114,41,102,83
174,40,222,170,22,58
174,16,33,41,206,52
190,160,130,94,70,151,124
202,194,26,137
223,69,200,256,123,119,248,157,218
205,158,176,166,174,180,95
220,31,114,41,206,52,226,240
52,226,240,39,164
242,84,53,103,72,161
75,27,116,2,138,252,34
24,141,66
207,162,33,50
101,22,242,256,189,100
177,174,17,213,140,85,205
42,197,148,141
242,247
90,22,58,240
174,16
139,54,71,15,144
240,92,152,207,162,33
47,234,241,7,194,207,162,33,165,24
210,58,149,184,16,33,237,125
23,169,70,151,80,246
204,17,193,20,91
29,42,35,73,2,46,91
17,76,160,88
33,41,206,52,226,240,92
153,35,73,2,132,220,31,22,195,145
227,178,25
216,100,200,256,123,119,113
112,86,190,110,172,98,71,109
184,16,22,195,37,105,155
195,145,182,33,41,206,178,25
142,7,194,72
83,86,190,160,57,195
167,193,20,243,64
189,100,200,256,229
165,24,249,65,119,113,208
142,112,244,253,156,114
169,59,129,135,256,229
159,205,158,176,189,100,200,244
143,27,116,2,46
46,212,28,125
44,75,27,171,180,161
76,242,256,123,119,113,22,58,149,139
131,167,21,67,100,200,256
122,108,217,55
183,106,20,69,121,239
244,253,240,126,252,34
211,121,198,224
197,114,41,73,2,132,220
250,138,252,78,186
148,227,104,20,70,49,43,31
122,108,23,169,42,35
243,118,209,158,176,189,100,20,69,121
36,61,37,171
123,119,113,9,132,220,88,190
49,43,31,132,220
199,220,88,190
144,40,39,174,180,195
143,27,116,49
60,29,42,35,73,2,63
63,162,33,165
48,190,160,88
144,40,222,170,203,46,91,215
188,85,159,209,35,111
152,207,162,33,12,143,241,19
161,103,220,31,114,183,106
62,123,188,85,205,158
66,156,114,41,206,52,226
34,36,61,55,146,56,133
225,156,114,179
234,66,246
92,152,207,132,220,31,114
222,170,12,143,27,41,206
228,124,235,238,167,21
88,190,110,198,55,146,56
241,7,194,248,76,160
42,35,196,115
137,143,27,83,86,203,39
184,16,33,41,206,53
156,114,223,69
238,78,204,17,76,242
103,220,88,190,110,198,222,1,245,21,67
100,200,256,109,134,214
176,189,100,20,70,151,124
57,129,135,256,123,119,187,204
97,245,21,190,160,177,174
53,103,220,87,254,131
67,194,207,132
35,111,25,157,218,20,69,200,256,123,188,96
196,115,48
132,220,31,22,242,256,123,119
38,130,94,70,49,43,31,22,242
184,16,33,6,55,212,28,209,158
201,30,211,197
224,177,174,40,39,164,118,209,158,176
168,123,119,113,29,60,68
117,71,115,12,143,241,7,194,248
181,86,190,110,172,98,112,75,32
238,165
243,159,205
146,203,39,164,118
51,207,162,218,20,243,64
18,219,124,235,238,167,21
79,217,221,231,30,4
107,1,209,158,176,189
166,194,37,147,205
136,252,78
182,33,41,206,52
198,55
96,176,189,100,200,256,123,188,85,13
90,22,58,149,184,16,33,165,24,233
205,158,176,189,100,200,256,123,188,85,159
140,85,175,50,2,132,220,31,230
111,25,194,37,147,1,245,150
172,98,112,86,190,110,74
79,217,55
127,201
89,253,240,212,28,209
161,103,98,112,244
114,41,206,52,226,240,92
196,158,176,189,100,200,256,123,119
220,31,114,41,73,147,208,36
117,71,115,51,207,58,149
244,10,170,12,143,27,171,197
186,137
164,118,209,158,176,189,5
179,80,207,162,33,6
161,103,220,88,190,160,177,174,17
39,164,118,198,63,162
40,200,256,162
82,122
14,31,22,195,9
36,243,2,132
37,147,182,33,41,206,52,187,255
218,20,69,200,169,59,129
55,212,28,209,158
69,200,169,160,232
220,88,190,33,6
240,92,152,207,141,79,254
256,123,119,113,208,36,61
218,194,207,58
171,197,114,41,206,52,234,84
133,174,40,39
32,119,113,94,70,151
201,212,28,160,177,150
237,125,30
186,79,217,221,213
22,58,149,184,226,152
57,195,145,182,33,50,2
60,29,39,174
82,231,30,133,157,218,20,69,121
203,39,164,118,198,222,170
128,178,25,60
240,26,23,169,59,88
150,62,70,151,80
210,58,149,184,16,66
201,30,133,157,218,194,37
93,230,172,248,157,218,20,69,200
232,21,122
65,119,187
32,119,113,94,70,151,124,235,127
173,94,70,151,124,194,37,171
81,70,151,91,215,187
196,115,130,94,70,49,43,31,114
22,58,149,184,16
93,139,54,71,256
55,146,75,27,83,86
21,122
209,35,73,147,1,245,150
98,71,115,130,94,70,151,124,8
195,37,202,94,70,151,124
138,159,205,158,176,189,100,20
58,149,139,54,71,115,130,94
19,247,12,143,241
140,85,205,158,176,166,174,180,142
72,40,240,99
47,234,84,227
187,255,41,206,52,234,38
171,197,81,70,151,163
251,23,169,42,197,148,227,104
176,189,128,178,25,216
68,130,94,70,151,124,194,207,162
55,212,28,209,213,140,85
227,241,7,194,207,58,149,139,54
122,108,191,188,85,159,140
112,86,190,110,172,98,71
219,124,194,207,132,220,31,114
204,17,76,134,111
78,230,141,79,88
91,54,71,115,130,94,70,151,124,235,125
28,24,144,40,222,170
102,83,86,203,39,174,40,240,92
85,159,119,113,22,195
207,162,33,165,81,70,151,124,235,238
77,123,188,85,205,158,176
166,194,207,132,220,88,190
84,53,103,220,88,190,187,255
135,256,123,119,113,94,70
233,144,40,39,122,50
49,43,80,30,93
7,177,174
158,176,189,33,41,206,52,226
54,247,66
7,194,248,76,242,256,123,188
13,7,194,248,178,47
56,194,207,58,149
169,70,151,124,194,207,141,79,254,239
210,93
148,227,104,60,122,108,87
237,125,123,119,113,208,36,61
189,100,200,256,162,79,217
253,156,114,41,102,83,86,190
75,32,119,248,157,218
120,33,12,143,241,7,194,248
249,65,119,146
214,170,22,242,256,229
177,174,180,95,134,225,117
180,142,28,209,55,146
96,176,189,100,200,256,123
65,119,113,29,42,197,12,143,27,116
241,7,194,37,147,205,158,176,189
178,163,123,119
15,71,115,12,143,241,7,194,248,157
170,203,39,174,40,240,126
1,209,35,111,89
186,176,189,100,20,70,151,80
53,103,98,112,75,32
225,48,190,160,130,94,70,151,103
189,100,200,256,123,119,187,204,17
79,217,110,198,224
203,39,174,180,142,112
209,158,176,189,128,228,18,90
175,50,2,132,220,31,22,242
138,252,168,123,119,113,208,120,38
63,162,33,41,49,43,80
236,21,190,110,198,222,59
139,54,71,115,130,94,70,151,124,235,233
231,160,232
69,71,115,12,166,174
253,240,126,236
62,70,151,182,33,102,83
46,212,28,160,130,94,70,151,103
245,68
59,129,135,256,123,119,113,29,42,35
52,234,241
217,55,212,148,227
76,242,256,123,119,113,22,58,77
184,16,33,102,83,86,203,39,174,82
51,207,58,149,183,171,197
71,115,12,143,241,7,194,26
94,70,151,81,106,128,4,201
31,114,41,206,65
12,143,27,116,49,43
243,118,198,222,59,129,135
90,22,58,149,183,106
119,113,22,242,256,123,15
252,168,123,119,187,255
156,114,41,73,147,182,33
38,130,94,208,36
184,16,33,12,143,241,7,101
88,190,160,232,181
47,226,240,126
60,29,256,123,119,113,136
131,215,187,253,240,126
82,135,128,40
156,114,183,106,128,115
182,33,102,83,86,190,110,172
247,12,143,241,7,194,26,137
69,200,256,162,33,41,206,251
131,137,64
119,113,94,70,151,103,98
169,70,151,81,106,128,4
23,169,42,35,73,147
107,110,172,98,71,109,134,214
68,130,94,70,151,124,8
55,212,126
178,25,157,218,20,70,151,80
21,190,160,130,94,208,120
8,81,70,151,103,220,88
213,140,85,175,50
78,230,141,79,217,110,198,222,1,245
116,2,132,220,31
210,58,149,184,16,33,6,55,146,56
172,248,157,218,20,70,49
46,194,207,162,33,102,83
1,171,197,114
176,189,100,200,247,12,143
178,182,33,41,73
98,71,115,130,94,70,151,124,235
156,114,55,146,56
75,27,116,2,132,220
213,133,200,256,123,119,187,253
13,7,194,207,58,195,145
142,129,135
226,240,39,164
143,241,7,194,207,141,79
33,165,24,144,156
141,79,254,131,167,21
73,147,208,238,78
104,256,123,119,113,208,26,137
10,170,22,195
166,194,207,132,220,88
192,164,118,209,158
34,89,253,111,25
209,158,176,189,100,20,70,151,103,72
136,252,168,123,119,113,94
153,35,73,147,182,33,102,83,86,68
183,106,128,115,12,143,76
14,120,186
250,74,128,115,130,94
38,130,94,70,151,163,69
233,177,115,130,94,70,151,219,249
152,207,58,256,123,119
8,110,198,224
251,23,169,42,197,12
48,190,110,198,222,1,171
236,21,122,181
158,176,189,100,200,256,123,119,113
15,71,109,134,214,105,155
155,144,40,39,254
221,79,217,110,198,222,170
217,110,74,128,228,18
16,22,58,149,136
205,158,176,189,100,200,256,123,119,187,253,156
180,95,134,201,149
102,83,86,190,33,50,2
191,208,26,23
18,148,227,178,25
146,75,27,171,197,12,166
71,82
182,33,6,253,111,89
110,74
240,126,158,176,189,128,228
166,194,26,23,169,42
178,25,157,124,8,90
168,82,231,30,133
175,50,2,132,220,88,190,110,223
245,151,199
10,170,12,143,241,7,194,37,105
134,111,25,194,207,162,33,165,24,144
110,198,222,1,209,158,176,189
177,174,180,195
172,60
10,170,203,39,122,108,185
136,56,133,157,218,20,70,49
256,123,15,71,115,12,143,241,19,150
35,73,147,1,245
68,42,197,114,41,206
224,177,115,12,143,27,83,86
5,238,167,21,190,110,198,85
238,165,24,144,40,222,1,245
156,114,183,106,128,40,222
217,110,198,222,170,203,46,91,215
139,54,247,12,143,27,171,197,173
153,35,73,147,182,33,41,206,52,8,3
223,69,200,256,106
127,65,119,113,29
93,230,172,98,112,244
113,94,70,151,124,194,248
168,82,135,256,229
2,132,220,87,254,239
113,94,70,151,10
41,206,52,226,240,92
201,149,184,16,33,50,2,46
48,190,33,165,24,144
70,29,250
69,200,256,123,188,85,159,140
226,152,207,141,79,254
5,29,256,123,188
3,172,248,178,25
256,123,119,113,9
59,88,190,160,130,94,70,151,103
92,152,207,162,33,6,191
249,65,119,113,208,111
53,103,15,192
46,212
82,162,79
38,130,94,70,151,81,106,128,115,51
12,143,36,61
227,104,60,29,42,197,114
103,98,112,86,203,46
175,50,2,54,247
131,167,21,67,194,207,141,79,254
54,247,12,143,241,19
55,114,41,206
74,9,132,220,31,114,41,206,251
172,248,178,25,194,37,104
200,256,162,33,165
171,197,114,41,73,147,1,245
85,159,206,65
201,149,136
138,159,206,52,8,3
208,111,25,157,218,20,91
124,194,207,141,79,254,239
194,37,171,180,142
87,89,253,156
131,167,21,190,160,130,94,70,151,81,106
149,184,16,33,41,206,250
112,86,190,33,165
66,65,32
15,71,115
175,50,2,132,220,31,114,41,206,14
94,70,151,124,8,174
87,254,131,167,21,67
97,245,82,231
20,69,71,115,12,143,27
66,65,119,248,157,218,20
95,248,76,242
146,56,133,157,218,20,69,71,115
22,242,140,85,175
118,198,222,170,203,39,174,180,95
99,35,73,2,46,154,93
167,21,190,160,130,94,70,151,124,235,127
86,179,216
127,184,16,33,12,143
220,88,190,160,177
222,170,22,195,225
52,234,57,129
26,23,169,70,151,182,33,6,55,146
70,151,124,194,248,157,218,20,243,64
128,250
121,167
145,119,248,157,218
107,110,172,248,157,124,8
56,133,174,40,39
207,162,33,12,143,241,7,194,37,105
169,70,151,124,194
243,159,45
1,245,151
199,32,119,248,157,155
188,85,205,158,176,189,100,20,70,151,80
144,41,206,14,11
109,134,111,25,194,75,32
163,136,252,168
82,231,30,4
236,37,105
204,17,76,160,130,94,70,151,124,8,154
235,238,167,26,23,169,42,197
63,162,33,41,173
95,134,214,170,203
228,124,235,238,167,21,97
92,152,207,162,33,6,55,212,28
71,109,134,111,5
106,128,40,39,122,108
55,146,56,133
92,152,207,58,149,183,106,128
212,28,149,184,16,22
114,183,171,180,95
80,30,133,157,218,20,70,151,219
242,256,123,188
101,22,58,149,184,16,33,102,83,86,190,110,172
63,104,188,85,159,45
233,144,40,39,164
127,65,119,113,138
19,150,62,123,188,96
21,190,33,102,83,86
105,17,76,242,256,123,119,113,29,60
189,100,20,70,151
114,256,123,188
157,218,20,70,151,103,98,112,244
6,55,212,28,160,130,94,70,151,219
39,174,180,95,70,151,219
195,145,182,33,41,73,107
128,228,124,172
207,141,79,217,221,231
97,179,80,41,206,251,23,169
13,7,194,10
235,143,27
142,28,160,130,94,70,151,124,235,238
182,33,12,143,241,19,150
147,205,158,176,189,100,200,256,229
1,209,158,176,189,58,149,184
13,7,194,207,132,220,87,210
86,179,80,236
183,171,197,114,41,206,52,187
160,130,94,70,151,103,98,108
103,98,112
195,9,132,220,88,190,110,74
23,169,160,177,174,180,142
99,161,103,72,40,240
110,172,248,178,25,139
221,213,140,85,205,158,176,189,100
2,132,220,88,190,160,130,94,70,49,43
51,207,58,149,139,54,247
192,2,132,220,31,22,58,149,184
88,190,160,130,94,70,151,81
16,33,41,206,52
162,33,41,206,223
50,2,132,9
45,119,113,22,242,256,162
209,35,111,89,223
168,123,119,113,22,195,145
11,70,151,182,33,102,83
232,21,190,160,177,115,51
55,212,28,24,141
102,83,86,190,160,130,94
130,94,70,151,124,235,125,168
155,41,206,14,120
106,128,228,212
224,177,174,82,135
115,130,94,33,41,73,107
1,209,158,176,189,100,20,243
123,119,113,9,132,220
213,254,239,110
59,230
34,89,253,240,26,23,169,59,129
25,157,218,20,69,121,198
39,164,226
31,22,242,140,85
187,253,240,92
46,212,28,209,213
242,256,123,119,113,29,42,197
231,138,252
248,157,124,8,3
84,53,168
194,207,58,149,136,252,168
91,54,247,12,143,241,60,29
86,179,134,111
157,218,20,69,200,256,189
199,32,119,113,9,192,215
29,42,197,148,141,79,254,239
142,7,194,248
250,6,207
205,158,176,189,100,20,70,151,103,220
243,227,104,256,193
50,2,132,115,51
48,190,110,198,85
44,75,27,41,206,251
150,142,112,86
129,135,128,40
246,209,158,176,189,100,200,256,229
6,207,162,33,165,81
76,160,130,94,70,151,182
17,76,242,247
135,256,123,119,113,22,195
133,157,124,148,227
45,119,113,22,58,149,139
183,118,198,63
210,58,149,184,16,33,50,2,132,220
177,174,180,195,145,182
148,227,104,60,29,42,35,73
238,165,24,144,156,114
49,43,31,22,58,149,153
188,85,159,206,250
227,178,25,157,218
67,194,207,162,33,41,98
199,32,119,113,29,60
228,70,151,91
195,37,104,188
1,245,151,124,194,207,141
243,2,132,220
84,178,182,33,102
243,2,46,91,232
102,83,86,190,160,130,94,70,49,43,31,114
250,138,159,140,85,175
161,103,220,88,190,33
178,182,33,41,98
146,56,133,157,218,20,70,151,81,106,128
135,128,178,25
32,119,113,94,70,151,81,106
207,162,33,12,166
103,15,71,115,130,94,70,151,124
168,123,119,113,208,111,89
145,40,39,174,82
196,158,176,189,100,20,69
129,135,256,123,119,113,29,42,35
52,226,152,188,96
186,168,123,119,113,9
31,114,41,73,147,1,245,21
186,168,123,15
111,25,194,37,104
230,131,167,21,67
177,115,130,94,70,151,124,148
96,176,189,100,200,256,109,134,225,117
102,83,86,203,46,154
192,215,109,29
32,119,113,29,42,197,148,227
111,25,157,218,20,70,151,103,98
7,194,207,58,240
214,173,94,70,151,81,106,128,228,18
85,205,158,176,189,100,20,69
146,56,133,157,218,20,70,151,80
239,110,172,248,157,218,20,62
160,130,94,70,151,81,106,128,228
110,223,69,200,256,123,119,113
185,96,247
41,73,2,132,220,87,210
53,103,15,71,115
67,194,207
223,69,200,256,123,119,113,22,242,84
69,71,109,134,225,117
99,161,103,15,71,109,134,92
70,151,103,220,88,190,110,198
89,223,69,200,256,123,188
157,218,20,69,71,115,130
7,194,207,162,33,165,24,249
11,84,227
66,65,119,238,165,24
198,63,162,33,165,24
108,157,218,20,70,151,81
27,222,59
107,110,198,55,146
35,111,25,216,164
38,130,94,33,50,2,46
3,207,162,33,102,83,86,203,39,164,118
229,129,135,256,123,188,181
77,145,182,33,165,81,106,128,228
173,94,70,151,219,249
111,25,157,218,20,69,200,256,123,188
112,86,203,39,174,17
25,60,29,42
15,71,115,51,207,141,79,217,221
29,42,197,128
122,108,222,59,129
194,37,159
118,209,35,111,89,253
6,55,146,56,47,234,38
174,40,222,170,12,143,241
212,28,160,130
109,134,214,122,50
72,20,70,151,124,194,75
207,132,220,87,210
39,174,180,95,134,214,10
107,110,223,69,38
158,176,189,128,178,211
210,58,149,139,54,71,109,134,214
78,230,141,79,217,221,207,58
116,2,132,220,88,190
250,138,252,168,82,180,95,134,225
162,33,12,143,76
173,94,33,12
32,119,113,94,70,151,103
49,43,31,114,183,106,128,228,18
148,227,104,256,123,15,71,115,130
256,162,33,6,55,212,28
193,20,70,151,124,194,207,58,149,184,16
254,239,110,223,69
184,16,33,41,73,147,182
202,194,37,211,214
151,124,194,248,157,218,20
150,171,197,114,41,206,52
35,73,2,132,220,88,190,110,172,98
24,144,117
38,130,94,70,151,124,148,227,104
155,41,102,83,86,190,160
235,238,167,21,190,160,130,94
176,189,100,200,247,12,143,241
123,119,113,94,70,151,81,106
106,128,178,182,33,41,206
145,182,33,6,55,146
99,161,103,15,71,82
136,252,168,123,119,113,29,42,35,196
217,221,207,58,149
14,11,84
212,28,209,158,176,189,100,200,256,123,188
105,175,53
236,21,190,160,130,94,70,151,124,235,127
107,110,172,248,157,218,20,70,151,219
45,119,113,208,26,23,169,59
195,145,182,33,50,2,46
72,40,222,1,245
250,138,252,34,89
58,149,184,16,33,41,206,250
177,115,130,94,70,151,124,235,127
182,33,41,206,59,129,135
30,133,200,247,12,143,241
158,176,189,128,40,222,170
206,52,45
94,33,41,206,53
240,139,54,71,115
69,71,23
85,159,119,113,22,122
12,166,174,82,231
147,182,33,41,98,112
46,212,28,160,88
26,23,169,70,151,103,72,161
150,171,180
174,180,95,134,111,25,194
107,110,172,248,157,218,20,70,151,219,249
80,30,211
174,40,222,170,12,166
39,174,180,195,9
92,7,194,37,147
205,158,176,189,100,200,256,123,15,71,82,231
193,20,69,42
114,183,106,128,228,18
139,54,71,256,123
193,20,70,151,219
200,256,123,119,113,208,120
143,27,83,86
109,134
160,130,94,70,151,124,194,207,141,79,217,221
77,145,182,33,41,206
106,128,115,130,65
4,165,24,141,79
167,21,190,160,57,195,225
160,177,174,180,95,134,111
234,175,192
87,28,209,158,176,189,100,20,69,121
76,242,256,123,119,113,22,122,108
101,22,242,84,53
31,114,41,206,14
224,177,150
75,32,119,113,208,36,243,237
154,72,183
185,251,40,39,174
141,79,217,221,207,162,33,165,24,144
144,40,39,164,118,209,158,176
238,80,246,209,35
32,119,113,208,111,5
246,209,35,111,25,157
77,145,182,33,12
226,240,92,7,194,248
136,252,168,123,119,113,29,42,35,73,2,46
97,113,22,242,256,123,119
181,63
169,42,197,12
99,161,87,28
187,253,111,25,194,37
115,130,94,33,50
105,17,76,242,256,123,119,113,29,42,197
49,43,31,22,122,108,222
48,190,160,177,150
