0.008240222930908203
0.0073888301849365234
0.0020499229431152344
0.002766847610473633
0.006089687347412109
0.00464177131652832
0.0022134780883789062
0.0014574527740478516
0.0069768428802490234
0.006284236907958984
0.006827831268310547
0.0037376880645751953
0.004363059997558594
0.0009987354278564453
0.0041697025299072266
0.006821393966674805
0.003119945526123047
0.001889944076538086
0.0018546581268310547
0.002460956573486328
0.0035436153411865234
0.001561880111694336
0.006814241409301758
0.004843235015869141
0.007753610610961914
0.005402565002441406
0.006169319152832031
0.004125356674194336
0.0056915283203125
0.005391359329223633
0.004716396331787109
0.007998228073120117
0.004369974136352539
0.009261131286621094
0.0041735172271728516
0.004645109176635742
0.0024955272674560547
0.005176067352294922
0.008676767349243164
0.003339052200317383
0.009775161743164062
0.01068115234375
0.006646394729614258
0.004152774810791016
0.006195783615112305
0.00745844841003418
0.012848138809204102
0.0077555179595947266
0.002004384994506836
0.009431838989257812
0.0020797252655029297
0.003544330596923828
0.007310152053833008
0.012497425079345703
0.0008921623229980469
0.005825042724609375
0.006237506866455078
0.002245664596557617
0.006189107894897461
0.0052340030670166016
0.0028047561645507812
0.007371187210083008
0.0027344226837158203
0.00498509407043457
0.004704713821411133
0.0015976428985595703
0.0036017894744873047
0.002209186553955078
0.006715536117553711
0.0036284923553466797
0.005248069763183594
0.004723310470581055
0.015508651733398438
0.004842996597290039
0.0036246776580810547
0.0031099319458007812
0.005647420883178711
0.008394002914428711
0.0027523040771484375
0.0092315673828125
0.009126901626586914
0.0071258544921875
0.0061798095703125
0.005865812301635742
0.004950523376464844
0.008162975311279297
0.0063326358795166016
0.007962703704833984
0.005987405776977539
0.005593299865722656
0.00811457633972168
0.008189201354980469
0.003011465072631836
0.01241445541381836
0.009263992309570312
0.0044591426849365234
0.008652925491333008
0.010438203811645508
0.008496761322021484
0.011830329895019531
0.003038644790649414
0.007532358169555664
0.0039713382720947266
0.008399486541748047
0.01326441764831543
0.015257835388183594
0.00636601448059082
0.0016770362854003906
0.0035593509674072266
0.0073893070220947266
0.005774021148681641
0.0027725696563720703
0.006608009338378906
0.010575294494628906
0.01185750961303711
0.007960319519042969
0.010458946228027344
0.010808706283569336
0.004304409027099609
0.004525899887084961
0.0078089237213134766
0.011187553405761719
0.0025997161865234375
0.005486726760864258
0.00370025634765625
0.007273674011230469
0.0038957595825195312
0.0025300979614257812
0.003062009811401367
0.0014793872833251953
0.004447460174560547
0.0027675628662109375
0.008444547653198242
0.0034945011138916016
0.0046384334564208984
0.01013040542602539
0.0032820701599121094
0.005334377288818359
0.0014178752899169922
0.004395008087158203
0.0007083415985107422
0.006594657897949219
0.009496450424194336
0.0035860538482666016
0.0036003589630126953
0.0016701221466064453
0.00504302978515625
0.0054895877838134766
0.005716085433959961
0.004949331283569336
0.008276700973510742
0.003030061721801758
0.003418445587158203
0.001834869384765625
0.004984378814697266
0.007589101791381836
0.0005624294281005859
0.009753704071044922
0.0060024261474609375
0.003240346908569336
0.004644632339477539
0.006423234939575195
0.0034837722778320312
0.0066373348236083984
0.0066585540771484375
0.005013704299926758
0.004596233367919922
0.0034759044647216797
0.0032854080200195312
0.004756927490234375
0.008668899536132812
0.003937482833862305
0.016774892807006836
0.009073495864868164
0.007753610610961914
0.006276369094848633
0.0064275264739990234
0.00764155387878418
0.006907463073730469
0.0058786869049072266
0.0022482872009277344
0.0010712146759033203
0.004578351974487305
0.004168272018432617
0.015111446380615234
0.0051422119140625
0.004374980926513672
0.013449907302856445
0.005277156829833984
0.0063135623931884766
0.013654947280883789
0.0028760433197021484
0.007782697677612305
0.010158538818359375
0.00680088996887207
0.003917217254638672
0.0033609867095947266
0.009575605392456055
0.005604982376098633
0.002438068389892578
0.008236169815063477
0.009767770767211914
0.013096094131469727
0.018238544464111328
0.003123760223388672
0.0031838417053222656
0.005562543869018555
0.0008473396301269531
0.007285118103027344
0.013841867446899414
0.007255077362060547
0.012400627136230469
0.008286476135253906
0.005265951156616211
0.008373498916625977
0.004216670989990234
0.0018463134765625
0.007451772689819336
0.004610300064086914
0.006136655807495117
0.006222248077392578
0.0035276412963867188
0.002377033233642578
0.004861116409301758
0.003652334213256836
0.0040476322174072266
0.004787921905517578
0.0016744136810302734
0.006440401077270508
0.0039598941802978516
0.006031036376953125
0.006432056427001953
0.003288745880126953
0.0018336772918701172
0.0037512779235839844
0.0039463043212890625
0.009654521942138672
0.00225067138671875
0.0026912689208984375
0.008646488189697266
0.008253097534179688
0.006182193756103516
0.00795602798461914
0.00681304931640625
0.0009837150573730469
0.007124185562133789
0.002267599105834961
0.002885580062866211
0.002443552017211914
0.0026755332946777344
0.007261037826538086
0.00688934326171875
0.006592988967895508
0.005200386047363281
0.005466461181640625
0.005918741226196289
0.008558034896850586
0.011038064956665039
0.003243684768676758
0.0063745975494384766
0.001506805419921875
0.0019965171813964844
0.008656501770019531
0.007214546203613281
0.0024209022521972656
0.001832723617553711
0.008113622665405273
0.0071794986724853516
0.005604267120361328
0.003128528594970703
0.012239694595336914
0.0011894702911376953
0.006335258483886719
0.006960153579711914
0.007588386535644531
0.004325389862060547
0.010690927505493164
0.0027878284454345703
0.0037424564361572266
0.007173061370849609
0.0132904052734375
0.005287647247314453
0.015082120895385742
0.008180618286132812
0.002192258834838867
0.00391840934753418
0.002505064010620117
0.0022525787353515625
0.004720926284790039
0.002882242202758789
0.0045468807220458984
0.0029802322387695312
0.002062082290649414
0.0041959285736083984
0.004258394241333008
0.0028874874114990234
0.00510406494140625
0.006251096725463867
0.004567861557006836
0.006141185760498047
0.003412961959838867
0.001432180404663086
0.008225679397583008
0.003839731216430664
0.010011911392211914
0.0026557445526123047
0.003894805908203125
0.00313568115234375
0.007050275802612305
0.004340171813964844
0.0016994476318359375
0.0027077198028564453
0.0034542083740234375
0.004536867141723633
0.005714893341064453
0.002300739288330078
0.002100706100463867
0.008330821990966797
0.0044002532958984375
0.002008676528930664
0.0052945613861083984
0.0012879371643066406
0.0035376548767089844
0.002224445343017578
0.003740549087524414
0.0018982887268066406
0.0019116401672363281
0.005925893783569336
0.009411334991455078
0.009413480758666992
0.009633779525756836
0.0035343170166015625
0.014568328857421875
0.0074079036712646484
0.005283355712890625
0.003998517990112305
0.006115913391113281
0.0021276473999023438
0.004793882369995117
0.003660440444946289
0.004582405090332031
0.003476858139038086
0.0012316703796386719
0.0066623687744140625
0.0039031505584716797
0.0025568008422851562
0.0025589466094970703
0.0029082298278808594
0.0029420852661132812
0.00834798812866211
0.0060765743255615234
0.001291513442993164
0.0010554790496826172
0.002651214599609375
0.013852834701538086
0.0036292076110839844
0.005886077880859375
0.015984296798706055
0.00911259651184082
0.0017330646514892578
0.0028030872344970703
0.004238128662109375
0.00797724723815918
0.004730224609375
0.0069179534912109375
0.006074428558349609
0.013324499130249023
0.00673985481262207
0.012385368347167969
0.006910085678100586
0.010503530502319336
0.006967782974243164
0.006386280059814453
0.0035762786865234375
0.006478548049926758
0.0023190975189208984
0.003816366195678711
0.008279800415039062
0.004361867904663086
0.0051152706146240234
0.0062029361724853516
0.005380868911743164
0.007421731948852539
0.004796266555786133
0.006806373596191406
0.0014753341674804688
0.00923919677734375
0.008018732070922852
0.007455110549926758
0.010084867477416992
0.0054128170013427734
0.004461765289306641
0.004137516021728516
0.004938840866088867
0.006331443786621094
0.0058536529541015625
0.005573272705078125
0.0030908584594726562
0.0041217803955078125
0.002844095230102539
0.004597902297973633
0.003875255584716797
0.0034513473510742188
0.004197597503662109
0.0035257339477539062
0.010812759399414062
0.005387067794799805
0.008562564849853516
0.002954244613647461
0.004243135452270508
0.003496885299682617
0.002573728561401367
0.004265546798706055
0.007922887802124023
0.006551027297973633
0.005499601364135742
0.012352705001831055
0.010590791702270508
0.006572723388671875
0.008827686309814453
0.004218339920043945
0.005164384841918945
0.007676362991333008
0.005914449691772461
0.002422332763671875
0.003020763397216797
0.003428936004638672
0.0045964717864990234
0.0037696361541748047
0.004410266876220703
0.0032722949981689453
0.010026216506958008
0.008661985397338867
0.003506183624267578
0.002370595932006836
0.004947662353515625
0.0043964385986328125
0.00596928596496582
0.002167224884033203
0.008615493774414062
0.008496999740600586
0.009507179260253906
0.005548000335693359
0.008517980575561523
0.005126953125
0.01430368423461914
0.0101318359375
0.003942728042602539
0.007074832916259766
0.001115560531616211
0.0025420188903808594
0.004544496536254883
0.01016688346862793
0.0038394927978515625
0.006712198257446289
0.004097461700439453
0.0039520263671875
0.0006561279296875
0.0009076595306396484
0.0010151863098144531
0.004058361053466797
0.004403591156005859
0.00225067138671875
0.007708072662353516
0.007666349411010742
0.0068225860595703125
0.0017859935760498047
0.009679079055786133
0.006076812744140625
0.0016717910766601562
0.0018229484558105469
0.0039632320404052734
0.005728006362915039
0.004683256149291992
0.006865501403808594
0.00138092041015625
0.0021364688873291016
0.0039031505584716797
0.007118940353393555
0.010666608810424805
0.013518810272216797
0.01006317138671875
0.007439613342285156
0.014403581619262695
0.006972789764404297
0.007992029190063477
0.0027310848236083984
0.007742881774902344
0.0043392181396484375
0.005791425704956055
0.002721548080444336
0.0019073486328125
0.003034353256225586
0.002595186233520508
0.004689455032348633
0.0038514137268066406
0.0014429092407226562
0.0019016265869140625
0.0042688846588134766
0.007353782653808594
0.007073879241943359
0.007688045501708984
0.0036547183990478516
0.003406524658203125
0.004633426666259766
0.004458904266357422
0.00952911376953125
0.008344650268554688
0.004748106002807617
0.0015583038330078125
0.00046706199645996094
0.008664608001708984
0.006787538528442383
0.012384414672851562
0.008415699005126953
0.0016808509826660156
0.0063724517822265625
0.003917217254638672
0.0017726421356201172
0.01137089729309082
0.0052716732025146484
0.006494045257568359
0.0060727596282958984
0.0028679370880126953
0.0009148120880126953
0.013139724731445312
0.002924680709838867
0.0026590824127197266
0.003675222396850586
0.004920005798339844
0.0041961669921875
0.0077056884765625
0.006563425064086914
0.01597118377685547
0.006413936614990234
0.00487971305847168
0.0053827762603759766
0.004674196243286133
0.0036051273345947266
0.003525257110595703
0.0034160614013671875
0.0064394474029541016
0.003788471221923828
0.005090236663818359
0.007926225662231445
0.003934621810913086
0.008263111114501953
0.006877899169921875
0.004649639129638672
0.004296064376831055
0.0029535293579101562
0.0066907405853271484
0.007298469543457031
0.003728151321411133
0.0040323734283447266
0.0028543472290039062
0.002149820327758789
0.005682468414306641
0.004564523696899414
0.003909587860107422
0.003981351852416992
0.006609439849853516
0.007764339447021484
0.0036640167236328125
0.008555889129638672
0.0048677921295166016
0.009140968322753906
0.004802703857421875
0.0060956478118896484
0.002960205078125
0.004835367202758789
0.004689931869506836
0.0057926177978515625
0.0044553279876708984
0.003222227096557617
0.004399299621582031
0.007888078689575195
0.002965688705444336
0.007237911224365234
0.006167173385620117
0.0033593177795410156
0.0037689208984375
0.004285335540771484
0.006287336349487305
0.006017446517944336
0.006548881530761719
0.003351449966430664
0.005368471145629883
0.0043299198150634766
0.004685401916503906
0.0019123554229736328
0.0048024654388427734
0.0035562515258789062
0.010816335678100586
0.006786823272705078
0.0027246475219726562
0.0057642459869384766
0.004341840744018555
0.004981517791748047
0.005643367767333984
0.0031147003173828125
0.006746530532836914
0.0017490386962890625
0.004266977310180664
0.002960205078125
0.002268075942993164
0.0036711692810058594
0.0016856193542480469
0.0035979747772216797
0.0035247802734375
0.0023927688598632812
0.00976872444152832
0.006438016891479492
0.003517627716064453
0.005460977554321289
0.002040863037109375
0.0036377906799316406
0.0018553733825683594
0.001363515853881836
0.003345012664794922
0.004188060760498047
0.0038275718688964844
0.0018451213836669922
0.001459360122680664
0.003451108932495117
0.001844167709350586
0.002903461456298828
0.0025267601013183594
0.0032677650451660156
0.0031044483184814453
0.0036957263946533203
0.003254413604736328
0.0005755424499511719
0.003065824508666992
0.002466440200805664
0.003634214401245117
0.002076864242553711
0.017611026763916016
0.002561330795288086
0.015094280242919922
0.0036902427673339844
0.002019643783569336
0.004967927932739258
0.011177301406860352
0.005659818649291992
0.0121917724609375
0.003448963165283203
0.005122661590576172
0.0031480789184570312
0.001986265182495117
0.004536628723144531
0.0017809867858886719
0.002448558807373047
0.002811908721923828
0.0014963150024414062
0.003601551055908203
0.0037267208099365234
0.0030176639556884766
0.0036325454711914062
0.0005733966827392578
0.0030791759490966797
0.004065275192260742
0.005658388137817383
0.003907918930053711
0.001402139663696289
0.002810955047607422
0.0029892921447753906
0.002625703811645508
0.003172636032104492
0.0054340362548828125
0.011081933975219727
0.005840778350830078
0.004647254943847656
0.0060846805572509766
0.006161212921142578
0.0058727264404296875
0.011353731155395508
0.004057407379150391
0.007637739181518555
0.0048542022705078125
0.002223491668701172
0.009593009948730469
0.0006091594696044922
0.004708051681518555
0.006398439407348633
0.0033936500549316406
0.005442619323730469
0.0034584999084472656
0.0018916130065917969
0.0026099681854248047
0.0034995079040527344
0.0033440589904785156
0.003822803497314453
0.0038318634033203125
0.0020728111267089844
0.007510185241699219
0.0063076019287109375
0.0010571479797363281
0.006713390350341797
0.006989717483520508
0.010723352432250977
0.004530191421508789
0.01670384407043457
0.010497570037841797
0.011279106140136719
0.006063222885131836
0.005377531051635742
0.002302408218383789
0.004273891448974609
0.007196187973022461
0.009016752243041992
0.005366802215576172
0.004465341567993164
0.002882242202758789
0.00407099723815918
0.005150556564331055
0.004489898681640625
0.002300739288330078
0.0020678043365478516
0.008514165878295898
0.0032737255096435547
0.0022687911987304688
0.003834247589111328
0.0039000511169433594
0.0033872127532958984
0.002290487289428711
0.0006170272827148438
0.005511283874511719
0.004353523254394531
0.0040149688720703125
0.003798961639404297
0.00751042366027832
0.00592494010925293
0.005564689636230469
0.0033800601959228516
0.015947580337524414
0.008602142333984375
0.005423784255981445
0.00652623176574707
0.006182193756103516
0.004204750061035156
0.0062046051025390625
0.009840250015258789
0.006149768829345703
0.003779172897338867
0.007364749908447266
0.007029056549072266
0.00580596923828125
0.0036454200744628906
0.011860847473144531
0.006090402603149414
0.0012562274932861328
0.005934238433837891
0.009183645248413086
0.005477428436279297
0.008584737777709961
0.004092693328857422
0.005443096160888672
0.004702091217041016
0.003353595733642578
0.0021584033966064453
0.0031642913818359375
0.004676103591918945
0.0026383399963378906
0.0011625289916992188
0.003320932388305664
0.0011610984802246094
0.00347137451171875
0.004324197769165039
0.008627176284790039
0.008600950241088867
0.006842613220214844
0.0011341571807861328
0.0023491382598876953
0.004576444625854492
0.0032167434692382812
0.007853507995605469
0.0034782886505126953
0.0013399124145507812
0.005286693572998047
0.007055997848510742
0.009039640426635742
0.002581357955932617
0.004277229309082031
0.0014989376068115234
0.0011515617370605469
0.0044269561767578125
0.006822347640991211
0.011147022247314453
0.0014395713806152344
0.008773088455200195
0.005192756652832031
0.0032007694244384766
0.002736330032348633
0.005481243133544922
0.0031816959381103516
0.004523515701293945
0.005709409713745117
0.00580596923828125
0.005793094635009766
0.0008554458618164062
0.004990100860595703
0.004208803176879883
0.001554250717163086
0.0018732547760009766
0.00769495964050293
0.004321098327636719
0.005275726318359375
0.002491474151611328
0.005580425262451172
0.004053592681884766
0.004594087600708008
0.005304813385009766
0.0083770751953125
0.0036084651947021484
0.008828878402709961
0.004780292510986328
0.004288434982299805
0.008624553680419922
0.00553441047668457
0.004931449890136719
0.0036427974700927734
0.0069768428802490234
0.0037453174591064453
0.002662181854248047
0.010863304138183594
0.0060384273529052734
0.0011715888977050781
0.0041425228118896484
0.0037953853607177734
0.005265951156616211
0.00546574592590332
0.004389762878417969
0.00504612922668457
0.0018239021301269531
0.004827976226806641
0.0021190643310546875
0.0012350082397460938
0.0016257762908935547
0.003144979476928711
0.00802922248840332
0.008818387985229492
0.0029442310333251953
0.008008003234863281
0.004806041717529297
0.0062983036041259766
0.0031747817993164062
0.00544428825378418
0.0024290084838867188
0.0034780502319335938
0.002811908721923828
0.006285429000854492
0.006201028823852539
0.0051059722900390625
0.003160715103149414
0.0035016536712646484
0.006305694580078125
0.004607200622558594
0.0026760101318359375
0.006060361862182617
0.0011897087097167969
0.001790761947631836
0.0029006004333496094
0.0030069351196289062
0.0020406246185302734
0.0020074844360351562
0.004509925842285156
0.003000020980834961
0.003723621368408203
0.003518819808959961
0.005976438522338867
0.0070378780364990234
0.005297660827636719
0.004111051559448242
0.004134178161621094
0.0029823780059814453
0.003342151641845703
0.0018761157989501953
0.002967357635498047
0.004910707473754883
0.0027408599853515625
0.0020666122436523438
0.006694316864013672
0.005161762237548828
0.009530305862426758
0.003945589065551758
0.0066411495208740234
0.0019638538360595703
0.007930517196655273
0.006143093109130859
0.006005764007568359
0.0043675899505615234
0.007529497146606445
0.0018999576568603516
0.004953145980834961
0.0023190975189208984
0.003200054168701172
0.002142190933227539
0.0043277740478515625
0.006312131881713867
0.0062711238861083984
0.002827882766723633
0.003983974456787109
0.006047487258911133
0.006232500076293945
0.00420689582824707
0.008052349090576172
0.005945444107055664
0.0038895606994628906
0.00423121452331543
0.00401759147644043
0.0014176368713378906
0.004761457443237305
0.004423379898071289
0.004385471343994141
0.0033371448516845703
0.0035631656646728516
0.007210493087768555
0.00530242919921875
0.006249427795410156
0.005238771438598633
0.004207134246826172
0.003412485122680664
0.007220745086669922
0.005962848663330078
0.001767873764038086
0.006374359130859375
0.001981496810913086
0.004202842712402344
0.004861593246459961
0.008294820785522461
0.0030105113983154297
0.003968000411987305
0.0021729469299316406
0.001814126968383789
0.005789995193481445
0.006260871887207031
0.0034041404724121094
0.001941680908203125
0.0009801387786865234
0.003829479217529297
0.0022215843200683594
0.005270481109619141
0.004898548126220703
0.0019681453704833984
0.0038712024688720703
0.0028052330017089844
0.0034554004669189453
0.003625154495239258
0.0031011104583740234
0.0031337738037109375
0.0031032562255859375
0.0017201900482177734
0.003351449966430664
0.005660057067871094
0.004871845245361328
0.006342411041259766
0.0050106048583984375
0.0009617805480957031
0.0036787986755371094
0.0019419193267822266
0.0031821727752685547
0.0030155181884765625
0.001996755599975586
0.0017342567443847656
0.0049970149993896484
0.006289243698120117
0.00668787956237793
0.003584623336791992
0.0026781558990478516
0.004845380783081055
0.004128217697143555
0.0019297599792480469
0.003363370895385742
0.005713939666748047
0.005020618438720703
0.003077268600463867
0.005703926086425781
0.0011935234069824219
0.004233121871948242
0.002813577651977539
0.0054302215576171875
0.0050508975982666016
0.0027654170989990234
0.0045604705810546875
0.005737781524658203
0.003681182861328125
0.004269599914550781
0.0019927024841308594
0.004961490631103516
0.00501704216003418
0.001909017562866211
0.003247499465942383
0.00611424446105957
0.0031585693359375
0.004086494445800781
0.009060382843017578
0.005350351333618164
0.003250598907470703
0.004567146301269531
0.0014319419860839844
0.0019884109497070312
0.003682851791381836
0.0023632049560546875
0.0029244422912597656
0.004179716110229492
0.0013773441314697266
0.002591371536254883
0.003853321075439453
0.004322528839111328
0.0028345584869384766
0.0038356781005859375
0.0013337135314941406
0.002655029296875
0.004364728927612305
0.004452705383300781
0.006157398223876953
0.004659175872802734
0.007046222686767578
0.004895210266113281
0.005510568618774414
0.006856441497802734
0.005044460296630859
0.0030248165130615234
0.0026693344116210938
0.0033066272735595703
0.004804849624633789
0.001314401626586914
0.006019115447998047
0.0045282840728759766
0.0006821155548095703
0.0033469200134277344
0.00472569465637207
0.001573324203491211
0.006620168685913086
0.0020558834075927734
0.0011506080627441406
0.008995532989501953
0.0009512901306152344
0.001531362533569336
0.00302886962890625
0.00029349327087402344
0.004122495651245117
0.0017833709716796875
0.003504514694213867
0.0014426708221435547
0.004631757736206055
0.0039038658142089844
0.007138967514038086
0.003175020217895508
0.0030133724212646484
0.0022513866424560547
0.0011703968048095703
0.0012433528900146484
0.004128456115722656
0.0015192031860351562
0.0043833255767822266
0.003954172134399414
0.003190279006958008
0.008249282836914062
0.0038166046142578125
0.0044133663177490234
0.0025026798248291016
0.004209041595458984
0.008826494216918945
0.004873991012573242
0.0017139911651611328
0.0026166439056396484
0.0013325214385986328
0.002584218978881836
0.002804279327392578
0.003953456878662109
0.006224393844604492
0.0034224987030029297
