0.0002930164337158203
0.007551908493041992
0.004887819290161133
0.0084381103515625
0.004251241683959961
0.008098125457763672
0.0015227794647216797
0.00756382942199707
0.00896000862121582
0.008392810821533203
0.0071141719818115234
0.005736589431762695
0.0027923583984375
0.00641322135925293
0.0061719417572021484
0.0020151138305664062
0.0002834796905517578
0.006294965744018555
0.003190755844116211
0.009302139282226562
0.0028634071350097656
0.006230354309082031
0.00026345252990722656
0.0031423568725585938
0.001211404800415039
0.0074503421783447266
0.0038535594940185547
0.004904031753540039
0.009418010711669922
0.00011134147644042969
0.004217624664306641
0.0038805007934570312
0.007834196090698242
0.007331371307373047
0.002683401107788086
0.005684614181518555
0.0011222362518310547
0.0009598731994628906
0.0006918907165527344
0.008193731307983398
0.00672602653503418
0.007171154022216797
0.002599477767944336
0.008259773254394531
0.008427619934082031
0.0030324459075927734
0.0010602474212646484
0.00034999847412109375
0.005162715911865234
0.00937032699584961
0.006154775619506836
0.0004963874816894531
0.002199411392211914
0.009019613265991211
0.007182121276855469
0.008728504180908203
0.004633188247680664
0.0039103031158447266
0.007523536682128906
0.002897977828979492
0.008616209030151367
0.007213592529296875
0.004522562026977539
0.004377603530883789
0.002385377883911133
0.009433746337890625
0.003961324691772461
0.007155895233154297
0.0058689117431640625
0.002604246139526367
0.006547689437866211
0.006349802017211914
0.006294727325439453
0.0011568069458007812
0.008527040481567383
0.010155200958251953
0.002603769302368164
0.0051517486572265625
0.006741762161254883
0.004505157470703125
0.007128238677978516
0.008194446563720703
0.0068836212158203125
0.009327173233032227
0.009653806686401367
0.004346370697021484
0.005247831344604492
0.009583234786987305
0.006933927536010742
0.005655527114868164
0.004454374313354492
0.0053637027740478516
0.008469820022583008
0.00042891502380371094
0.0016317367553710938
0.007395744323730469
0.008858680725097656
0.0004923343658447266
0.009824275970458984
0.0046541690826416016
0.008070707321166992
0.006653785705566406
0.002810955047607422
0.0007503032684326172
0.0025691986083984375
0.0008223056793212891
0.0031502246856689453
0.006018400192260742
0.008194208145141602
0.007175922393798828
0.003755807876586914
0.0033507347106933594
0.009140968322753906
0.0015416145324707031
0.0054492950439453125
0.0049991607666015625
0.0022711753845214844
0.009844064712524414
0.0013134479522705078
0.000823974609375
0.0011928081512451172
0.005185365676879883
0.00542902946472168
0.0063893795013427734
0.002113819122314453
0.0038492679595947266
0.005341053009033203
0.002203702926635742
0.007849454879760742
0.0009016990661621094
0.00624537467956543
0.00849294662475586
0.0009677410125732422
0.006201267242431641
0.008647918701171875
0.006132602691650391
0.0008907318115234375
0.00953531265258789
0.0029447078704833984
0.001283407211303711
0.003759622573852539
0.009277582168579102
0.0014109611511230469
0.001256704330444336
0.0011010169982910156
0.004648685455322266
0.009691238403320312
0.0004429817199707031
0.003606557846069336
0.002148866653442383
0.0068111419677734375
0.008558273315429688
0.0009763240814208984
0.003913402557373047
0.008129119873046875
0.008646965026855469
0.0054204463958740234
0.002185344696044922
0.0031175613403320312
0.002802610397338867
0.0015625953674316406
0.0063784122467041016
0.0014164447784423828
0.009293317794799805
0.0007536411285400391
0.003966808319091797
0.004046916961669922
0.0036215782165527344
0.0068476200103759766
0.0009844303131103516
0.006774425506591797
0.009282827377319336
0.005285024642944336
0.009891271591186523
0.005066394805908203
0.0037386417388916016
0.004508256912231445
0.007241725921630859
0.0023031234741210938
0.005298614501953125
0.009455680847167969
0.006436586380004883
0.009928703308105469
0.0031850337982177734
0.006976604461669922
0.00027632713317871094
0.009465217590332031
0.003665924072265625
0.009874582290649414
0.004673480987548828
0.0036253929138183594
0.0008034706115722656
0.0018169879913330078
0.0022962093353271484
0.0011374950408935547
0.008698463439941406
0.0016050338745117188
0.0038373470306396484
0.008057594299316406
0.009338140487670898
0.005281686782836914
0.007916927337646484
0.0064775943756103516
0.0034515857696533203
0.003543376922607422
0.004323720932006836
0.008155584335327148
0.0021758079528808594
0.006317138671875
0.008184671401977539
0.0015342235565185547
0.005226850509643555
0.008900165557861328
0.0016520023345947266
0.0055468082427978516
0.00452113151550293
0.0038678646087646484
0.003147125244140625
0.00833892822265625
0.006444692611694336
0.008605718612670898
0.0033478736877441406
0.0055692195892333984
0.002149343490600586
0.006472110748291016
0.008665084838867188
0.005129337310791016
0.0018045902252197266
0.009138107299804688
0.007979154586791992
0.002506256103515625
0.008650779724121094
0.002001523971557617
0.003498077392578125
0.0030269622802734375
0.0014274120330810547
0.0008122920989990234
0.00667881965637207
0.0034635066986083984
0.002489805221557617
0.002215862274169922
0.009298086166381836
0.00783848762512207
0.0022182464599609375
0.0030188560485839844
0.0016415119171142578
0.00579833984375
0.003709077835083008
0.006051540374755859
0.006926059722900391
0.0008499622344970703
0.002782583236694336
0.007699012756347656
0.009157657623291016
0.0020904541015625
0.002392292022705078
0.006851673126220703
0.0066623687744140625
0.0005171298980712891
0.0014472007751464844
0.008308887481689453
0.0036563873291015625
0.003324270248413086
0.005521059036254883
0.007124662399291992
0.009407281875610352
0.007384538650512695
0.007750034332275391
0.002820730209350586
0.006882429122924805
0.005667448043823242
0.004263401031494141
0.0023496150970458984
0.004969596862792969
0.0003173351287841797
0.0003941059112548828
0.003618001937866211
0.007080078125
0.007955312728881836
0.002584695816040039
0.0011332035064697266
0.008524656295776367
0.0008413791656494141
0.004801750183105469
0.008647918701171875
0.007792949676513672
0.008783817291259766
0.0049724578857421875
0.006501197814941406
0.006555080413818359
0.00301361083984375
0.004530191421508789
0.0007979869842529297
0.0025787353515625
0.0073816776275634766
0.006021022796630859
0.001565694808959961
0.005760908126831055
0.0055866241455078125
0.0065877437591552734
0.0012218952178955078
0.0013701915740966797
0.005663633346557617
0.002239227294921875
0.0033681392669677734
0.0018815994262695312
0.00010609626770019531
0.007437229156494141
0.006098270416259766
0.008333444595336914
0.0005865097045898438
0.004861116409301758
0.0017049312591552734
0.005901336669921875
0.0007510185241699219
0.00273895263671875
0.0011906623840332031
0.004534721374511719
0.008251190185546875
0.0083465576171875
0.0014176368713378906
0.006812334060668945
0.0074536800384521484
0.002696514129638672
0.006178617477416992
0.005049228668212891
0.0016307830810546875
0.008939504623413086
0.005598306655883789
0.01044774055480957
0.005826473236083984
0.008517980575561523
0.00038909912109375
0.0009253025054931641
0.0002014636993408203
0.007824420928955078
0.004056453704833984
0.001232147216796875
0.002491474151611328
0.004794597625732422
0.0019145011901855469
0.005748748779296875
0.00460505485534668
0.004790544509887695
0.0018048286437988281
0.006025075912475586
0.007704019546508789
0.003946781158447266
0.007926464080810547
0.008975505828857422
0.008348703384399414
0.008427143096923828
0.008285760879516602
0.00559234619140625
0.0035381317138671875
0.0029366016387939453
0.007171154022216797
0.005221128463745117
0.007500171661376953
0.0024318695068359375
0.0013580322265625
0.0030679702758789062
0.003752470016479492
0.0012891292572021484
0.0016150474548339844
0.00529026985168457
0.009258270263671875
0.005825996398925781
0.005945920944213867
0.0008456707000732422
0.002141237258911133
0.0020766258239746094
0.0029892921447753906
0.004571676254272461
0.003530263900756836
0.0005517005920410156
0.006441354751586914
0.0027196407318115234
0.0015645027160644531
0.004258871078491211
0.008742094039916992
0.008251190185546875
0.00356292724609375
0.007524251937866211
0.007463932037353516
0.0014901161193847656
0.006619691848754883
0.008883237838745117
0.0011010169982910156
0.007265567779541016
0.00043773651123046875
0.0035905838012695312
0.002031087875366211
0.0008535385131835938
0.004362821578979492
0.00726008415222168
0.0009958744049072266
0.0007309913635253906
0.005385398864746094
0.008789300918579102
0.005193233489990234
0.007929563522338867
0.005627632141113281
0.0006754398345947266
0.009223699569702148
0.008104801177978516
0.0031638145446777344
0.00819540023803711
0.0059931278228759766
0.0005228519439697266
0.005948305130004883
0.007061004638671875
0.0009570121765136719
0.005255222320556641
0.006567478179931641
0.0035021305084228516
0.010398387908935547
0.00194549560546875
0.007938146591186523
0.005777120590209961
0.005452632904052734
0.005059003829956055
0.008043050765991211
0.003688335418701172
0.0007944107055664062
0.0056781768798828125
0.007617950439453125
0.0017151832580566406
0.005876779556274414
0.005327939987182617
0.0035355091094970703
0.00612187385559082
0.005805015563964844
0.0056915283203125
0.00999903678894043
0.0006887912750244141
0.004464149475097656
0.002750873565673828
0.005634784698486328
0.00049591064453125
0.0023581981658935547
0.007310152053833008
0.0029633045196533203
0.0016570091247558594
0.0032584667205810547
0.004427433013916016
6.031990051269531e-05
0.0012099742889404297
0.009251117706298828
0.006588935852050781
0.0008511543273925781
0.002098560333251953
0.004812955856323242
0.0028722286224365234
0.0044403076171875
0.006404876708984375
0.008199691772460938
0.0017857551574707031
0.009151220321655273
0.0018227100372314453
0.0008966922760009766
0.0016160011291503906
0.002965211868286133
0.002161741256713867
0.005765438079833984
0.005144596099853516
0.0036242008209228516
0.005553722381591797
0.002840280532836914
0.009773015975952148
0.0072116851806640625
0.0001976490020751953
0.00420379638671875
0.001664876937866211
0.0008902549743652344
0.001561880111694336
0.003064393997192383
0.0027501583099365234
0.004644870758056641
0.006631135940551758
0.0021064281463623047
0.0066263675689697266
0.0072786808013916016
0.00807046890258789
0.005194664001464844
0.004197835922241211
0.01058506965637207
0.0047435760498046875
0.004545927047729492
0.0006074905395507812
0.0075681209564208984
0.0052530765533447266
0.0024781227111816406
0.008861541748046875
0.006763935089111328
0.009392261505126953
0.004899501800537109
0.009523868560791016
0.003571033477783203
0.00687098503112793
0.0036988258361816406
0.0022301673889160156
0.009718179702758789
0.0023484230041503906
0.0016036033630371094
0.007940292358398438
0.001028299331665039
0.005303621292114258
0.0006184577941894531
0.0072557926177978516
0.0012230873107910156
0.005868673324584961
0.008091211318969727
0.007134675979614258
0.0019202232360839844
0.006287097930908203
0.0019795894622802734
0.0036950111389160156
0.0062198638916015625
0.0002124309539794922
0.0006902217864990234
0.002238750457763672
0.008377790451049805
0.0037429332733154297
0.005951404571533203
0.0021970272064208984
0.0056133270263671875
0.0056421756744384766
0.00023221969604492188
0.009794235229492188
0.0032477378845214844
0.00426936149597168
0.007791757583618164
0.00594329833984375
0.0005452632904052734
0.0051538944244384766
0.0005698204040527344
0.010236501693725586
0.003221750259399414
0.0030372142791748047
0.004190921783447266
0.00779414176940918
0.0072405338287353516
0.00812673568725586
0.008464574813842773
0.00673222541809082
0.010097742080688477
0.0077669620513916016
0.0032722949981689453
0.005776882171630859
0.005540370941162109
0.002483844757080078
0.001734018325805664
0.0011150836944580078
0.006491184234619141
0.0035037994384765625
0.002767801284790039
0.0022416114807128906
0.0036525726318359375
0.004965782165527344
0.006665229797363281
0.004827737808227539
6.914138793945312e-05
0.0031883716583251953
0.002087116241455078
0.009955167770385742
0.0050506591796875
0.005143880844116211
0.0002987384796142578
0.002924203872680664
0.009685516357421875
0.0049440860748291016
0.002560138702392578
0.0006384849548339844
0.0028030872344970703
0.007096767425537109
0.008976936340332031
0.007910490036010742
0.006806373596191406
0.004472494125366211
0.006153583526611328
0.004141092300415039
0.0019502639770507812
0.006058931350708008
0.0031921863555908203
0.005171775817871094
0.0055484771728515625
0.0077724456787109375
0.0004608631134033203
0.005066394805908203
0.007623434066772461
0.0033266544342041016
0.0028984546661376953
0.0005259513854980469
0.004162311553955078
0.00584721565246582
0.00682830810546875
0.002584695816040039
0.007172346115112305
0.0056743621826171875
0.00694584846496582
0.003637075424194336
0.005681753158569336
0.0005114078521728516
0.0028154850006103516
0.0028884410858154297
0.0057506561279296875
0.00015211105346679688
0.005353450775146484
0.0065729618072509766
0.0019404888153076172
0.0014243125915527344
0.0010478496551513672
0.003205537796020508
0.009864568710327148
0.005930900573730469
0.008669853210449219
0.001804351806640625
0.0006341934204101562
0.0043599605560302734
0.0012340545654296875
0.0011866092681884766
0.008318662643432617
0.006246328353881836
0.008379220962524414
0.0032529830932617188
0.003603219985961914
0.004499673843383789
0.00341796875
0.0071146488189697266
0.0002353191375732422
0.004656314849853516
0.004813671112060547
0.008988380432128906
0.006474018096923828
0.009870290756225586
0.002844095230102539
0.004110574722290039
0.003994941711425781
0.0004875659942626953
0.0021355152130126953
0.0018124580383300781
0.004051685333251953
0.0064122676849365234
0.0012962818145751953
0.006861686706542969
0.00628352165222168
0.0055544376373291016
0.005700588226318359
0.002668142318725586
0.003704547882080078
0.010110139846801758
0.00593113899230957
0.008821725845336914
0.007660627365112305
0.009157419204711914
0.008636474609375
0.007515668869018555
0.009515762329101562
0.007325887680053711
0.00503849983215332
0.0038385391235351562
0.004733085632324219
0.0025091171264648438
0.002782583236694336
0.007412910461425781
0.0059261322021484375
0.004603862762451172
0.009274482727050781
0.0061991214752197266
0.008697032928466797
0.0016460418701171875
0.002868175506591797
0.004281044006347656
0.005748748779296875
0.002159595489501953
0.005189180374145508
0.005296945571899414
0.0069484710693359375
0.004929542541503906
0.0071370601654052734
0.002840280532836914
0.0031828880310058594
0.002454519271850586
0.0024111270904541016
0.009100914001464844
0.00032019615173339844
0.0015795230865478516
0.0064697265625
0.00977325439453125
0.007642507553100586
0.008208274841308594
0.0076105594635009766
0.010799884796142578
0.0035533905029296875
0.006197929382324219
0.00783085823059082
0.0008020401000976562
0.008536338806152344
0.004296302795410156
0.0016703605651855469
0.00592041015625
0.0027005672454833984
0.010693073272705078
0.003044605255126953
0.006213188171386719
0.008738040924072266
0.007553577423095703
0.0027217864990234375
0.0011026859283447266
0.008526802062988281
0.002049684524536133
0.00027251243591308594
0.008513927459716797
0.00791621208190918
0.007365226745605469
0.010794639587402344
0.012393951416015625
0.0010418891906738281
0.007341861724853516
0.008619070053100586
0.0045969486236572266
0.0039179325103759766
0.001512765884399414
0.014305591583251953
0.0003399848937988281
0.01047825813293457
0.008440494537353516
0.0011699199676513672
0.004964590072631836
0.0007460117340087891
0.009221792221069336
0.0004444122314453125
0.002061605453491211
0.0001430511474609375
0.0038924217224121094
0.0035538673400878906
0.007086753845214844
0.004402875900268555
0.008776187896728516
0.002577543258666992
0.005904674530029297
0.002893686294555664
0.009069681167602539
0.002361297607421875
0.00013184547424316406
0.009109258651733398
0.0019943714141845703
0.000720977783203125
0.003935337066650391
0.009721517562866211
0.009373188018798828
0.00758051872253418
0.007645606994628906
0.0024847984313964844
0.004157304763793945
0.006437778472900391
0.008411645889282227
0.0042781829833984375
0.0030379295349121094
0.003172159194946289
0.0020084381103515625
0.007195234298706055
0.004869937896728516
0.008249759674072266
0.0073316097259521484
0.00801992416381836
0.0006616115570068359
0.0020415782928466797
0.009858369827270508
0.007789134979248047
0.0048906803131103516
0.0041239261627197266
0.010772228240966797
0.0037527084350585938
0.00555872917175293
0.008607864379882812
0.0032563209533691406
0.0011510848999023438
0.008528470993041992
0.0010347366333007812
0.0008661746978759766
0.0038084983825683594
0.006597995758056641
0.0014312267303466797
0.006204366683959961
0.008069038391113281
0.006722688674926758
0.007092714309692383
0.003973484039306641
0.009289979934692383
0.0043468475341796875
0.002195119857788086
0.002660036087036133
0.009578704833984375
0.0025866031646728516
0.006784677505493164
0.0072498321533203125
0.0016024112701416016
0.004640102386474609
0.005402326583862305
0.0036993026733398438
0.003092527389526367
0.0017399787902832031
0.008566856384277344
0.0020084381103515625
0.002439737319946289
0.006058931350708008
0.00722050666809082
0.003376007080078125
0.00556492805480957
0.0011737346649169922
0.010061264038085938
0.008020877838134766
0.004677772521972656
0.00872182846069336
0.001279592514038086
0.0044362545013427734
0.00252532958984375
0.0041010379791259766
0.005009651184082031
0.006569862365722656
0.0024232864379882812
0.002531766891479492
0.006108760833740234
0.0005486011505126953
0.0036721229553222656
0.002720355987548828
0.004194021224975586
0.008160114288330078
0.0036132335662841797
0.004182338714599609
0.0017971992492675781
0.004357337951660156
0.0015749931335449219
0.007293701171875
0.005571842193603516
0.007856607437133789
0.008532524108886719
0.003466367721557617
0.00649261474609375
0.005405902862548828
0.0031118392944335938
0.007818937301635742
0.0026924610137939453
0.006870269775390625
0.00555419921875
0.0026111602783203125
0.00913548469543457
0.003660917282104492
0.003442525863647461
0.011960983276367188
0.0032536983489990234
0.0034253597259521484
0.01336526870727539
0.00787663459777832
0.00573420524597168
0.005100250244140625
0.007687568664550781
0.0017669200897216797
0.009582996368408203
0.0042569637298583984
0.0002684593200683594
0.01681232452392578
0.006928443908691406
0.00996255874633789
0.00698399543762207
0.00921487808227539
0.008431673049926758
0.004895448684692383
0.009716272354125977
0.013309955596923828
0.0041713714599609375
0.008957624435424805
0.0037364959716796875
0.007607698440551758
0.006994485855102539
0.00021028518676757812
0.006978273391723633
0.00388336181640625
0.0010447502136230469
0.0030355453491210938
0.0071773529052734375
0.0057048797607421875
0.0011844635009765625
0.0005044937133789062
0.0031821727752685547
0.0008306503295898438
0.0062677860260009766
0.009531736373901367
0.0035097599029541016
0.009385347366333008
0.0010614395141601562
0.002410411834716797
0.0012476444244384766
0.00473332405090332
0.007753133773803711
0.0035059452056884766
0.008545160293579102
0.005891084671020508
0.00413823127746582
0.0043182373046875
0.009520769119262695
0.008549928665161133
0.0013165473937988281
0.00796365737915039
0.0003228187561035156
0.006870746612548828
0.0011277198791503906
0.0026831626892089844
0.006592988967895508
0.0008449554443359375
0.0008611679077148438
0.006241798400878906
0.013479232788085938
0.011857986450195312
0.0015001296997070312
0.007265806198120117
0.0011157989501953125
0.0039403438568115234
0.005214214324951172
0.008990049362182617
0.002237081527709961
0.01144099235534668
0.0003571510314941406
0.011994361877441406
0.008703947067260742
0.0041124820709228516
0.008162260055541992
0.00761723518371582
0.003816843032836914
0.007253170013427734
0.00753331184387207
0.0037779808044433594
0.0012178421020507812
0.0005178451538085938
0.007150888442993164
0.0037119388580322266
0.0035011768341064453
0.010772466659545898
0.005894660949707031
0.0029342174530029297
0.003067493438720703
0.005652189254760742
0.008614778518676758
0.0012934207916259766
0.003032684326171875
0.010123491287231445
0.00886678695678711
0.008606910705566406
0.008701801300048828
0.002047300338745117
0.00038433074951171875
0.008429765701293945
0.0029265880584716797
0.010040044784545898
0.007116794586181641
0.009896993637084961
0.009495735168457031
0.0065805912017822266
0.003973960876464844
0.008510828018188477
0.0031659603118896484
0.0003924369812011719
0.0034058094024658203
0.0009827613830566406
0.008030414581298828
0.0014081001281738281
0.007713794708251953
0.0065233707427978516
0.009693384170532227
0.00811910629272461
0.0037064552307128906
0.0007436275482177734
0.002856731414794922
0.005900382995605469
0.007256984710693359
0.0021059513092041016
0.0038995742797851562
0.0021114349365234375
0.0005877017974853516
0.009413719177246094
0.004349708557128906
0.008225679397583008
0.008829593658447266
0.001186370849609375
0.005366325378417969
0.00397038459777832
0.007772922515869141
0.001972675323486328
0.004328489303588867
0.00067901611328125
0.0004584789276123047
0.008731365203857422
0.004232645034790039
0.005798816680908203
0.0016353130340576172
0.006212949752807617
0.00688624382019043
0.004222869873046875
0.00465083122253418
0.0016291141510009766
0.005004405975341797
0.009003877639770508
0.0055315494537353516
0.0038001537322998047
0.0002460479736328125
0.0054798126220703125
0.0027832984924316406
0.006746053695678711
0.007674694061279297
0.008205413818359375
0.009384393692016602
0.003540515899658203
0.004433393478393555
0.008046388626098633
0.0014519691467285156
0.003196239471435547
0.007071971893310547
0.007759571075439453
0.0037069320678710938
0.004195690155029297
0.000286102294921875
0.008231163024902344
0.0010044574737548828
0.001998424530029297
0.007703304290771484
0.004870414733886719
0.00804901123046875
0.004495859146118164
0.007237434387207031
0.00830698013305664
0.002856016159057617
0.004628896713256836
0.009390592575073242
0.0067942142486572266
0.002573251724243164
0.005812883377075195
0.007227659225463867
0.004019975662231445
0.007776498794555664
0.008817195892333984
0.009290933609008789
0.0017216205596923828
0.006655454635620117
0.006621122360229492
0.00011157989501953125
0.0026214122772216797
0.004763603210449219
0.001913309097290039
0.003163576126098633
0.003148794174194336
0.0030307769775390625
0.005237102508544922
0.007918119430541992
0.0026879310607910156
0.00748133659362793
0.0009295940399169922
0.00021982192993164062
0.005300045013427734
0.007666349411010742
0.001519918441772461
0.007131099700927734
0.001672506332397461
0.005133152008056641
0.002672910690307617
0.008372783660888672
0.0030260086059570312
0.004550457000732422
0.008864402770996094
0.007445573806762695
0.006606578826904297
0.00525975227355957
0.0010561943054199219
0.009492158889770508
0.007055997848510742
0.005595684051513672
0.008176565170288086
0.0061795711517333984
0.0053675174713134766
0.0011839866638183594
0.001569986343383789
0.005719900131225586
0.007057905197143555
0.0059740543365478516
0.008144855499267578
0.0061626434326171875
0.007101535797119141
0.008870601654052734
0.005423307418823242
0.0073394775390625
0.006079196929931641
0.009622812271118164
0.006203174591064453
0.0002105236053466797
0.008502960205078125
0.0037326812744140625
0.002446889877319336
0.007126569747924805
0.007988691329956055
0.008243560791015625
0.00709986686706543
0.006621360778808594
0.0038640499114990234
0.008526802062988281
0.007925748825073242
0.0018379688262939453
0.0002696514129638672
0.006749391555786133
0.0005652904510498047
0.00499415397644043
0.00827932357788086
0.0071544647216796875
0.00907754898071289
0.0031862258911132812
0.0042726993560791016
0.0026671886444091797
0.004103422164916992
0.0003941059112548828
0.009398937225341797
0.0037064552307128906
0.00445866584777832
0.008753061294555664
0.0076067447662353516
0.0068225860595703125
0.008580207824707031
0.004918098449707031
0.0068590641021728516
0.001224517822265625
0.005717039108276367
0.007892370223999023
0.0035903453826904297
0.009671449661254883
0.0004928112030029297
0.006340742111206055
0.005285978317260742
0.0012664794921875
0.0011844635009765625
0.007811546325683594
0.008325815200805664
0.0008800029754638672
0.003125905990600586
0.0051457881927490234
0.00697016716003418
0.009518623352050781
0.007648468017578125
0.006951570510864258
0.001405954360961914
0.006011247634887695
0.0012710094451904297
0.007768154144287109
0.008445262908935547
0.002199411392211914
0.004203319549560547
0.00804758071899414
0.006669759750366211
0.0016582012176513672
0.007121562957763672
0.00766754150390625
0.006524562835693359
0.002779722213745117
0.005017280578613281
0.007858037948608398
0.008968830108642578
0.0011370182037353516
0.006167888641357422
0.002590656280517578
0.005991220474243164
0.00413060188293457
0.010258674621582031
0.0013527870178222656
0.0018470287322998047
0.00908041000366211
0.0022706985473632812
0.0010051727294921875
0.005717754364013672
0.0015904903411865234
0.0005166530609130859
0.004203319549560547
0.0027246475219726562
0.0044901371002197266
0.00557708740234375
0.00982809066772461
0.0035223960876464844
0.0008001327514648438
0.008731842041015625
0.0019826889038085938
0.0008392333984375
0.0030782222747802734
0.0040967464447021484
0.001913309097290039
0.005428791046142578
0.005819082260131836
0.008895635604858398
0.003915548324584961
0.002444744110107422
0.0039327144622802734
0.007051229476928711
0.001706838607788086
0.0017173290252685547
0.008813142776489258
0.002454996109008789
0.0016295909881591797
0.005113363265991211
0.0011031627655029297
0.0003733634948730469
0.0008957386016845703
0.0011227130889892578
0.006850242614746094
0.006094455718994141
0.0018074512481689453
0.0004153251647949219
0.007028341293334961
0.0006673336029052734
0.00408935546875
0.003389120101928711
0.009290456771850586
0.008544921875
0.005792379379272461
0.005159616470336914
0.005908012390136719
0.00458216667175293
0.007073879241943359
0.0041501522064208984
0.0015859603881835938
0.004547834396362305
0.006693124771118164
0.00439763069152832
0.007943153381347656
0.0018627643585205078
0.0048863887786865234
0.006455421447753906
0.0010619163513183594
0.00748133659362793
0.006183147430419922
0.008314847946166992
0.006711006164550781
0.006561756134033203
0.0033087730407714844
0.005540609359741211
0.0007271766662597656
0.007367134094238281
0.009614944458007812
0.001394510269165039
0.008085012435913086
0.0034546852111816406
0.007073402404785156
0.0012433528900146484
0.006468534469604492
0.005224704742431641
0.004375457763671875
0.005183219909667969
0.004761219024658203
0.0006473064422607422
0.010299921035766602
0.003633737564086914
0.003367900848388672
0.0012807846069335938
0.005646228790283203
0.009625673294067383
0.0011744499206542969
0.0009288787841796875
0.0013895034790039062
0.009126424789428711
0.005623817443847656
0.0007004737854003906
0.008314847946166992
0.0027933120727539062
0.00696873664855957
0.008631706237792969
0.006472349166870117
0.007720470428466797
0.008606672286987305
0.00049591064453125
0.007381439208984375
0.0026340484619140625
0.006361722946166992
0.0014319419860839844
0.00590205192565918
0.003584146499633789
0.005097627639770508
0.00244140625
0.007959842681884766
0.004561662673950195
0.002131938934326172
0.004155158996582031
0.001131296157836914
0.00906515121459961
0.00034332275390625
0.008630037307739258
0.00039005279541015625
0.009357452392578125
0.0019145011901855469
0.006086587905883789
0.008574724197387695
0.004183292388916016
0.001617431640625
0.009125471115112305
0.004908561706542969
0.0032660961151123047
0.008452177047729492
0.002143383026123047
0.0031404495239257812
0.0040662288665771484
0.005236148834228516
0.0005283355712890625
0.00898432731628418
0.0038716793060302734
0.00651097297668457
0.004826784133911133
0.0003635883331298828
0.0012423992156982422
0.002174854278564453
0.005894899368286133
0.0054168701171875
0.0002448558807373047
0.009693384170532227
0.008905410766601562
0.008055686950683594
0.006821393966674805
0.0070133209228515625
0.0024988651275634766
0.00019073486328125
0.005146503448486328
0.0034716129302978516
0.006601572036743164
0.0029578208923339844
0.001567840576171875
0.006148099899291992
0.004919528961181641
0.0024335384368896484
0.003551483154296875
0.0033719539642333984
0.007610321044921875
0.0031244754791259766
0.003930807113647461
0.0005359649658203125
0.007310390472412109
0.003454923629760742
0.007535696029663086
0.007276058197021484
0.004175424575805664
0.009211063385009766
0.008267879486083984
0.002743244171142578
0.006134033203125
0.0007970333099365234
0.0015206336975097656
0.008827924728393555
0.006686210632324219
0.0013322830200195312
0.0035657882690429688
0.009406805038452148
0.0037784576416015625
0.003528594970703125
0.003994464874267578
0.0045948028564453125
0.006953716278076172
0.0028839111328125
0.0036330223083496094
0.004231691360473633
0.0005645751953125
0.0006783008575439453
0.0034821033477783203
0.0022940635681152344
0.00257110595703125
0.005415678024291992
0.00397801399230957
0.0073184967041015625
0.005449771881103516
0.0036585330963134766
0.006624937057495117
0.01046299934387207
0.00857234001159668
0.001676321029663086
0.006550788879394531
0.004815340042114258
0.001477956771850586
0.0015628337860107422
0.007698535919189453
0.008195161819458008
0.009872913360595703
0.0025167465209960938
0.007965087890625
0.004944801330566406
0.004328489303588867
0.005317211151123047
0.004973888397216797
0.007738590240478516
0.002942323684692383
0.0006597042083740234
0.0036420822143554688
0.0031337738037109375
0.0005831718444824219
0.0019342899322509766
0.0034401416778564453
0.003577709197998047
0.007027149200439453
0.0059168338775634766
0.006612539291381836
0.009865283966064453
0.006326198577880859
0.0015482902526855469
0.003294229507446289
0.002038717269897461
0.00449824333190918
0.008793354034423828
0.003958225250244141
0.009040594100952148
0.00013947486877441406
0.0014140605926513672
0.008914709091186523
0.0002524852752685547
0.00022864341735839844
0.009171724319458008
0.00714111328125
0.006041049957275391
0.005377292633056641
0.003064870834350586
0.0008156299591064453
0.001058816909790039
0.0014197826385498047
0.0008246898651123047
0.001262664794921875
0.007528066635131836
0.004100799560546875
0.0006849765777587891
0.00515437126159668
0.009102821350097656
0.0017879009246826172
0.003976345062255859
0.00994873046875
0.0016756057739257812
0.008712053298950195
0.008766889572143555
0.0074863433837890625
0.008448600769042969
0.005315303802490234
0.005588054656982422
0.00894021987915039
0.008400917053222656
0.0007269382476806641
0.007993698120117188
0.0052263736724853516
0.0036983489990234375
0.0017642974853515625
0.006253480911254883
0.000823974609375
0.006969451904296875
0.007715702056884766
0.00453948974609375
0.0016744136810302734
0.0026917457580566406
0.004411935806274414
0.008223772048950195
0.006646633148193359
0.0007781982421875
0.0017316341400146484
0.005053043365478516
0.005338191986083984
0.006574869155883789
0.002153635025024414
0.0020406246185302734
0.005956172943115234
0.006531715393066406
0.0021779537200927734
0.006017446517944336
0.0004706382751464844
0.00758671760559082
0.007995843887329102
0.0013587474822998047
0.004419088363647461
0.0005435943603515625
0.0038993358612060547
0.004943132400512695
0.008604288101196289
0.0061147212982177734
0.004372835159301758
0.008368968963623047
0.0007607936859130859
0.001760244369506836
0.0018360614776611328
0.006870269775390625
0.00670933723449707
0.007282733917236328
0.006162166595458984
0.0029888153076171875
0.006460428237915039
0.00460362434387207
0.007710695266723633
0.005415678024291992
0.003933906555175781
0.010142087936401367
0.008677244186401367
0.0033524036407470703
0.0024378299713134766
0.005883932113647461
0.0003085136413574219
0.0059659481048583984
0.0007622241973876953
0.009768247604370117
0.007279634475708008
0.006930828094482422
0.004944562911987305
0.006209850311279297
0.002283811569213867
0.000736236572265625
0.007306575775146484
0.008064508438110352
0.010266304016113281
0.006093502044677734
0.0018768310546875
0.0028684139251708984
0.0075418949127197266
0.009551048278808594
0.0023517608642578125
0.0048863887786865234
0.00902414321899414
0.008747339248657227
0.0016086101531982422
0.008496761322021484
0.007115602493286133
0.0027818679809570312
0.007770538330078125
0.0038895606994628906
0.0029735565185546875
0.006932258605957031
0.006072998046875
0.0017485618591308594
0.005263566970825195
0.0060939788818359375
0.0056149959564208984
0.01006937026977539
0.0021970272064208984
0.005175590515136719
0.008067131042480469
0.0005702972412109375
0.004574298858642578
0.006872415542602539
0.005789756774902344
0.0057561397552490234
0.002333402633666992
0.00396275520324707
0.009369850158691406
0.0026912689208984375
0.002157926559448242
0.001672506332397461
0.0005278587341308594
0.0036084651947021484
0.00042057037353515625
0.004192352294921875
0.007401227951049805
0.0030367374420166016
0.005350828170776367
0.005782365798950195
0.008711099624633789
0.0032994747161865234
0.008023500442504883
0.006081581115722656
0.009890317916870117
0.0009281635284423828
0.0012316703796386719
0.00016021728515625
0.0022912025451660156
0.0035266876220703125
0.004511594772338867
0.0051250457763671875
0.008364677429199219
0.006013631820678711
0.004297494888305664
0.008677244186401367
0.0008094310760498047
0.009404420852661133
0.006906986236572266
0.00017786026000976562
0.007913589477539062
0.0002644062042236328
0.00802302360534668
0.0064890384674072266
0.007306814193725586
0.003361225128173828
0.006257772445678711
0.00728607177734375
0.004959583282470703
0.005682706832885742
0.002315998077392578
0.0033245086669921875
0.0030670166015625
0.0040471553802490234
0.0008640289306640625
0.0028061866760253906
0.00893712043762207
0.006696939468383789
0.007110595703125
0.0050470829010009766
0.0049822330474853516
0.004451274871826172
0.007549285888671875
0.0032117366790771484
0.008740425109863281
0.006193637847900391
0.0026848316192626953
0.0032105445861816406
0.0029916763305664062
0.006919384002685547
0.0021255016326904297
0.003504514694213867
0.007569551467895508
0.007227182388305664
0.005144834518432617
0.005670309066772461
0.006531476974487305
0.005357265472412109
0.007610797882080078
0.005448102951049805
0.00648045539855957
0.00012230873107910156
0.0044481754302978516
0.004332542419433594
0.00037026405334472656
0.00409245491027832
0.004487514495849609
0.0037543773651123047
0.0017337799072265625
0.005695819854736328
0.0040857791900634766
0.0086212158203125
0.005328655242919922
0.006824970245361328
0.0021424293518066406
0.008417844772338867
0.0029752254486083984
0.006413698196411133
0.003455638885498047
0.003957509994506836
0.001552581787109375
0.005454063415527344
0.005431652069091797
0.007707118988037109
0.005425691604614258
0.006024360656738281
0.005419254302978516
0.004659891128540039
0.008741617202758789
0.00011539459228515625
0.004811763763427734
0.008443355560302734
0.0025179386138916016
0.0037729740142822266
0.006903409957885742
0.007021665573120117
0.007946252822875977
0.0006353855133056641
0.004400968551635742
0.008391857147216797
0.007519245147705078
0.00646209716796875
0.002009153366088867
0.004889965057373047
0.002729654312133789
0.004321575164794922
0.004425525665283203
0.008917808532714844
0.006973743438720703
0.004928112030029297
0.003719806671142578
0.0033445358276367188
0.004593372344970703
0.005059242248535156
0.004479646682739258
0.008500099182128906
0.00556492805480957
0.006189107894897461
0.0010089874267578125
0.005066871643066406
0.003705263137817383
0.007462024688720703
0.0011532306671142578
0.0009655952453613281
0.003172159194946289
0.007543325424194336
0.005259990692138672
0.0029714107513427734
0.004126310348510742
0.009920835494995117
0.009223222732543945
0.0049152374267578125
0.0017921924591064453
0.003405332565307617
0.0014121532440185547
0.007556438446044922
0.0009875297546386719
0.0033218860626220703
0.00020265579223632812
0.008488893508911133
0.005657672882080078
0.004843950271606445
0.0030868053436279297
0.004151105880737305
0.009348630905151367
0.007813692092895508
0.004525423049926758
0.0045969486236572266
0.008437633514404297
0.006754159927368164
0.0037221908569335938
0.0030257701873779297
0.003401041030883789
0.0022649765014648438
0.0014510154724121094
0.0023186206817626953
0.0013604164123535156
0.007825136184692383
0.00548100471496582
0.005585908889770508
0.00800180435180664
0.0019278526306152344
0.007395744323730469
0.0017733573913574219
0.002693653106689453
0.003000020980834961
0.002016305923461914
0.007940053939819336
0.0049648284912109375
0.0009524822235107422
0.009902000427246094
0.003449678421020508
0.0023038387298583984
0.006798982620239258
0.0017616748809814453
0.00528264045715332
0.0006117820739746094
0.0037391185760498047
0.006765842437744141
0.0077626705169677734
0.0014824867248535156
0.0065860748291015625
0.004763126373291016
0.009279727935791016
0.004114627838134766
0.006331443786621094
0.007167816162109375
0.006621360778808594
0.00868678092956543
0.0071833133697509766
0.0066072940826416016
0.008291006088256836
0.004900932312011719
0.009348630905151367
0.0019001960754394531
0.004114627838134766
0.0007119178771972656
0.003930568695068359
0.0013818740844726562
0.006724119186401367
0.0027968883514404297
0.009145498275756836
0.005336761474609375
0.007771015167236328
0.0033783912658691406
0.001374959945678711
0.00821065902709961
0.0029141902923583984
0.007651329040527344
0.007105827331542969
0.002781391143798828
0.008461236953735352
0.006503105163574219
0.0056002140045166016
0.001901865005493164
0.002874135971069336
0.00933218002319336
0.0028159618377685547
0.006837368011474609
0.0054323673248291016
0.005243062973022461
0.004386425018310547
0.0020766258239746094
0.004836082458496094
0.006619691848754883
0.006781339645385742
0.003629922866821289
0.0003561973571777344
0.005151510238647461
0.0035126209259033203
0.004748821258544922
0.003470897674560547
0.005762338638305664
0.00028133392333984375
0.0007593631744384766
0.0072672367095947266
0.008528947830200195
0.0026247501373291016
0.0037925243377685547
0.0074427127838134766
0.008645772933959961
0.008205175399780273
0.000194549560546875
0.004642009735107422
0.004616498947143555
0.005133152008056641
0.005523204803466797
0.004198312759399414
0.0007998943328857422
0.007970571517944336
0.0010867118835449219
0.006400346755981445
0.0005352497100830078
0.004996299743652344
0.0067462921142578125
0.002055644989013672
0.009164810180664062
0.0016341209411621094
0.005088329315185547
0.005461454391479492
0.0005557537078857422
0.0021131038665771484
0.008548498153686523
0.0029435157775878906
0.0026369094848632812
0.002456188201904297
0.006971597671508789
0.00830984115600586
0.008757829666137695
0.004178524017333984
0.007294654846191406
0.0019059181213378906
0.004878997802734375
0.006434440612792969
0.006796598434448242
0.0012161731719970703
0.002857208251953125
0.0009179115295410156
0.004953622817993164
0.006357669830322266
0.009670734405517578
0.0017726421356201172
0.0048863887786865234
0.003904104232788086
0.008483409881591797
0.005244731903076172
0.0005314350128173828
0.004601240158081055
0.00799870491027832
0.009156942367553711
0.0016596317291259766
0.004079103469848633
0.003954648971557617
0.0012655258178710938
0.004553556442260742
0.004010677337646484
0.002720355987548828
0.0006191730499267578
0.002063751220703125
0.0024182796478271484
0.005896091461181641
0.0062329769134521484
0.0027785301208496094
0.007323503494262695
0.0024394989013671875
0.00830388069152832
0.003835439682006836
0.008214712142944336
0.007661342620849609
0.002751588821411133
0.0025949478149414062
0.009451627731323242
0.006604671478271484
0.0055310726165771484
0.007535457611083984
0.0025272369384765625
0.0028629302978515625
0.002840757369995117
0.004969120025634766
0.0049779415130615234
0.005793571472167969
0.0074269771575927734
0.007405519485473633
0.006554603576660156
0.005034923553466797
0.008793830871582031
0.004845619201660156
0.007161855697631836
0.0028448104858398438
0.0015614032745361328
0.006676435470581055
0.0007853507995605469
0.005160331726074219
0.004318952560424805
0.003301382064819336
0.0007007122039794922
0.0014061927795410156
0.0047109127044677734
0.0053484439849853516
0.003909587860107422
0.0012786388397216797
0.006556510925292969
0.0017466545104980469
0.0037589073181152344
0.0045812129974365234
0.003191709518432617
0.006254911422729492
0.0023751258850097656
0.005379199981689453
0.006678581237792969
0.00921010971069336
0.007585048675537109
0.005911111831665039
0.0016636848449707031
0.0023317337036132812
0.004839181900024414
0.002269268035888672
0.009075403213500977
0.0037391185760498047
0.001138448715209961
0.0033473968505859375
0.005173683166503906
0.004685401916503906
0.004980325698852539
0.004292488098144531
0.00982356071472168
0.001544952392578125
0.0011031627655029297
0.002711057662963867
0.004351139068603516
0.001964569091796875
0.008015871047973633
0.0038170814514160156
0.0037598609924316406
0.011863470077514648
0.007127523422241211
0.004160642623901367
0.012180805206298828
0.00630640983581543
0.002309083938598633
0.004152059555053711
0.000141143798828125
0.0017867088317871094
0.0038099288940429688
0.008145570755004883
0.006856441497802734
0.008598089218139648
0.0003407001495361328
0.0012013912200927734
0.007953405380249023
0.0026273727416992188
0.0013611316680908203
0.008636236190795898
0.007685184478759766
0.0041162967681884766
0.003817319869995117
0.004093170166015625
0.007552623748779297
0.005051374435424805
0.0009062290191650391
0.0023992061614990234
0.010608673095703125
0.007845401763916016
0.0032188892364501953
0.0061855316162109375
0.0007171630859375
0.006112098693847656
0.012224912643432617
0.00380706787109375
0.011190652847290039
0.0020437240600585938
0.005988121032714844
0.006871461868286133
0.008585214614868164
0.0067102909088134766
0.006021261215209961
0.007623195648193359
0.009303092956542969
0.006615638732910156
0.0034961700439453125
0.007471323013305664
0.0034117698669433594
0.007903337478637695
0.0016324520111083984
0.005417823791503906
0.0051381587982177734
0.0021317005157470703
0.001962900161743164
0.00883173942565918
0.00883626937866211
0.006476879119873047
0.009061574935913086
0.0019888877868652344
0.009449958801269531
0.0017886161804199219
0.00592803955078125
0.005694150924682617
0.00835275650024414
0.009453773498535156
0.0022134780883789062
0.006074190139770508
0.005701303482055664
0.007124662399291992
0.008068561553955078
0.006459712982177734
0.0001628398895263672
0.0008254051208496094
0.005004405975341797
0.011064767837524414
0.004285097122192383
0.0032308101654052734
0.0014104843139648438
0.0071065425872802734
0.008859872817993164
0.003220796585083008
0.0038537979125976562
0.004008769989013672
0.0028777122497558594
0.0039014816284179688
0.0065572261810302734
0.00430607795715332
0.0014307498931884766
0.007695436477661133
0.003922224044799805
0.0034360885620117188
0.0037484169006347656
0.005686044692993164
0.003574848175048828
0.003066539764404297
0.008553504943847656
0.0069925785064697266
0.007876873016357422
0.004549503326416016
0.0011289119720458984
0.008121728897094727
0.0063130855560302734
0.005600929260253906
0.0013420581817626953
0.009417533874511719
0.005812644958496094
0.000606536865234375
0.006652355194091797
0.00899505615234375
0.002184152603149414
0.004667520523071289
0.00973200798034668
0.009605646133422852
0.0040667057037353516
0.0052835941314697266
0.0002777576446533203
0.004549264907836914
0.002980947494506836
0.0043332576751708984
0.0047876834869384766
0.009327173233032227
0.0043735504150390625
0.003346681594848633
0.004124641418457031
0.004637956619262695
0.001249074935913086
0.00798654556274414
0.0061588287353515625
0.007456541061401367
0.00641322135925293
0.005480051040649414
0.007052183151245117
0.0009579658508300781
0.0035331249237060547
0.0038967132568359375
0.003690958023071289
0.001125335693359375
0.0027112960815429688
0.0031671524047851562
0.002579212188720703
0.005706071853637695
0.002081155776977539
0.003026247024536133
0.003026723861694336
0.005158901214599609
0.0076329708099365234
0.0049877166748046875
0.007597923278808594
0.0025992393493652344
0.004923105239868164
0.008649587631225586
0.0005304813385009766
0.008192777633666992
0.0052149295806884766
0.0013530254364013672
0.006608009338378906
0.006975650787353516
0.004919528961181641
0.002421855926513672
0.0076754093170166016
0.0086212158203125
0.008083105087280273
0.008933067321777344
0.005956172943115234
0.0033562183380126953
0.000823974609375
0.0018301010131835938
0.00383758544921875
0.0030133724212646484
0.0041577816009521484
0.008876800537109375
0.001207590103149414
0.007372379302978516
0.0005278587341308594
0.004542827606201172
0.007432699203491211
0.007843971252441406
0.007918357849121094
0.005729198455810547
0.00647425651550293
0.007257938385009766
0.0009298324584960938
0.004497051239013672
0.00735163688659668
0.0077860355377197266
0.0063779354095458984
0.0026030540466308594
0.003385782241821289
0.00011801719665527344
0.000766754150390625
0.002228260040283203
0.005972623825073242
0.006430387496948242
0.003802776336669922
0.002998828887939453
0.0010271072387695312
0.00524139404296875
0.005078315734863281
0.004723310470581055
0.0031545162200927734
0.008693218231201172
0.0002734661102294922
0.00644373893737793
0.00803375244140625
0.003179311752319336
0.004076719284057617
0.0025627613067626953
0.00026679039001464844
0.0020685195922851562
0.0022335052490234375
0.0031545162200927734
0.00225830078125
0.0058176517486572266
0.00661921501159668
0.0024154186248779297
0.0037152767181396484
0.004932403564453125
0.0049610137939453125
0.005920886993408203
0.006676197052001953
0.008336782455444336
0.005694389343261719
0.008132457733154297
0.006669521331787109
0.0020303726196289062
0.009419441223144531
0.0077207088470458984
0.006761789321899414
0.0018734931945800781
0.0014085769653320312
0.0014643669128417969
0.007398128509521484
0.005781412124633789
0.002458333969116211
0.0007801055908203125
0.0062601566314697266
0.0032591819763183594
0.0074193477630615234
0.0014848709106445312
0.0010387897491455078
0.008181333541870117
0.0016889572143554688
0.0019981861114501953
0.00869607925415039
0.0035605430603027344
0.0010378360748291016
0.01006317138671875
0.0031173229217529297
0.006485700607299805
0.00839686393737793
0.0015687942504882812
0.0027923583984375
0.0005879402160644531
0.002398252487182617
0.0034487247467041016
0.005939960479736328
0.009451627731323242
0.002827167510986328
0.006005287170410156
0.002329587936401367
0.007429599761962891
0.0028905868530273438
0.004204988479614258
0.008994102478027344
0.008459091186523438
0.004454135894775391
0.0015537738800048828
0.005577564239501953
0.0062220096588134766
0.005358457565307617
0.0040895938873291016
0.006627082824707031
0.005007266998291016
0.00500798225402832
0.0004405975341796875
0.002100229263305664
0.0052073001861572266
0.0022056102752685547
0.0022318363189697266
0.010816097259521484
0.0006296634674072266
0.009922504425048828
0.004229068756103516
0.0068874359130859375
0.0003323554992675781
0.003021717071533203
0.007588624954223633
0.006705522537231445
0.0011761188507080078
0.002094268798828125
0.0007617473602294922
0.002558469772338867
0.005133628845214844
0.005744457244873047
0.005069732666015625
0.009460687637329102
0.002330303192138672
0.00819087028503418
0.0042340755462646484
0.0052454471588134766
0.006220340728759766
0.0016286373138427734
0.009463071823120117
0.006185770034790039
0.003397226333618164
0.004250049591064453
0.0015172958374023438
0.005914449691772461
0.0011873245239257812
0.006194591522216797
0.00863957405090332
0.010005950927734375
0.006227970123291016
0.0017287731170654297
0.007463693618774414
0.0065784454345703125
0.0009772777557373047
0.008453845977783203
0.0007331371307373047
0.0003275871276855469
0.0001900196075439453
0.0021431446075439453
0.00617527961730957
0.0022649765014648438
0.007025480270385742
0.0004425048828125
0.0050466060638427734
0.0035681724548339844
0.008678436279296875
0.0007696151733398438
0.006525754928588867
0.00673365592956543
0.005289316177368164
0.0023958683013916016
0.008716344833374023
0.0019431114196777344
0.008150100708007812
0.008502483367919922
0.005051136016845703
0.006149768829345703
0.006007671356201172
0.0005431175231933594
0.00356292724609375
0.0008323192596435547
0.006259441375732422
0.00011229515075683594
0.0072629451751708984
0.00903463363647461
0.00043654441833496094
0.0029206275939941406
0.00728297233581543
0.007665872573852539
0.005146503448486328
0.0033104419708251953
0.0026702880859375
0.00046753883361816406
0.0037353038787841797
0.003336191177368164
0.007727622985839844
0.003452777862548828
0.003175973892211914
0.0066449642181396484
0.004226207733154297
0.008102655410766602
0.0002884864807128906
0.001729726791381836
0.002842426300048828
0.003723621368408203
0.0042302608489990234
0.007557392120361328
0.0050923824310302734
0.004426240921020508
0.008616209030151367
0.0017905235290527344
0.001794576644897461
0.009397506713867188
0.006640434265136719
0.008404254913330078
0.006468296051025391
0.000518798828125
0.003728628158569336
0.0006127357482910156
0.0015416145324707031
0.005212306976318359
0.00489044189453125
0.005352020263671875
0.0013113021850585938
0.003372669219970703
0.0076601505279541016
0.0048716068267822266
0.005563497543334961
0.006568431854248047
0.004808664321899414
0.005168914794921875
0.007462263107299805
0.009618043899536133
0.004082441329956055
0.00021195411682128906
0.007767200469970703
0.0005083084106445312
0.00550389289855957
0.004991769790649414
0.006310939788818359
0.002959012985229492
0.008748769760131836
0.0072176456451416016
0.0007331371307373047
0.0006394386291503906
0.0035829544067382812
0.0030007362365722656
0.004763126373291016
0.0018329620361328125
0.005678892135620117
0.005037546157836914
0.0007672309875488281
0.009071111679077148
0.008550167083740234
0.0004572868347167969
0.00486302375793457
0.0015802383422851562
0.004647016525268555
0.004116535186767578
0.0012958049774169922
0.006327629089355469
0.007416963577270508
0.005219221115112305
0.006989717483520508
0.008695125579833984
0.001438140869140625
0.004649162292480469
0.008742094039916992
0.0018570423126220703
0.008127450942993164
0.009510040283203125
0.00232696533203125
0.0069768428802490234
0.008673906326293945
0.005672931671142578
0.0020346641540527344
0.0008833408355712891
0.0008282661437988281
0.0017044544219970703
0.002112150192260742
0.00536036491394043
0.0047528743743896484
0.008137226104736328
0.0025191307067871094
0.0044596195220947266
0.004416942596435547
0.0037145614624023438
0.005394935607910156
0.003702878952026367
0.0010967254638671875
0.0021822452545166016
0.0005681514739990234
0.0049555301666259766
0.00873422622680664
0.001486063003540039
0.007802724838256836
0.00527501106262207
0.007506370544433594
0.009383678436279297
0.007858753204345703
0.004807710647583008
0.007510185241699219
0.007884740829467773
0.0011606216430664062
0.0014531612396240234
0.008778810501098633
0.0027761459350585938
0.005506277084350586
0.0024003982543945312
0.0051577091217041016
0.0006353855133056641
0.004603147506713867
0.006316661834716797
0.0019683837890625
0.0010974407196044922
0.0028846263885498047
0.005080699920654297
0.007443428039550781
0.0037398338317871094
0.0028362274169921875
0.007607460021972656
0.008801937103271484
0.007845878601074219
0.010369539260864258
0.001733541488647461
0.0031828880310058594
0.0007083415985107422
0.00774693489074707
0.0066835880279541016
0.009997129440307617
0.0006933212280273438
0.0036292076110839844
0.007483482360839844
0.006319522857666016
0.008158683776855469
0.009286165237426758
0.0029261112213134766
0.003763437271118164
0.002389669418334961
0.002154111862182617
0.00744938850402832
0.0035309791564941406
0.007262229919433594
0.005827188491821289
0.0013129711151123047
0.002877473831176758
0.006655454635620117
0.0026397705078125
0.007325649261474609
0.004534006118774414
0.0008156299591064453
0.0034058094024658203
8.630752563476562e-05
0.0031669139862060547
0.008666276931762695
0.008668899536132812
0.008221149444580078
0.0007047653198242188
0.009138107299804688
0.004739284515380859
0.00861668586730957
0.007340192794799805
0.0022623538970947266
0.008287668228149414
0.0005779266357421875
0.006507158279418945
0.00452423095703125
0.0013921260833740234
0.0030205249786376953
0.007227659225463867
0.0007033348083496094
0.0015926361083984375
0.008334636688232422
0.005401134490966797
0.008708000183105469
0.006000041961669922
0.009012222290039062
0.0017900466918945312
0.0015482902526855469
0.007138729095458984
0.003536224365234375
0.008692264556884766
0.006913900375366211
0.008470296859741211
0.0069522857666015625
0.007550716400146484
0.003999233245849609
0.004245281219482422
0.0059125423431396484
0.0049550533294677734
0.008762359619140625
0.008556127548217773
0.003469705581665039
0.00199127197265625
0.003164052963256836
0.007441520690917969
0.006141185760498047
0.006700992584228516
0.009267330169677734
0.0007727146148681641
0.005340576171875
0.004434108734130859
0.004471778869628906
0.0005857944488525391
0.008622884750366211
0.007021903991699219
0.006834268569946289
0.006093025207519531
0.006078958511352539
0.007817268371582031
0.009537458419799805
0.005301713943481445
0.003960847854614258
0.002774477005004883
0.005435466766357422
0.006676435470581055
0.0055887699127197266
0.005740642547607422
0.0046384334564208984
0.00432133674621582
0.008014917373657227
0.007668256759643555
0.008709192276000977
0.003594636917114258
0.005700588226318359
0.004823923110961914
0.007245063781738281
0.006859779357910156
0.010207176208496094
0.005715847015380859
0.004038333892822266
0.006940364837646484
0.0029840469360351562
0.007238626480102539
0.004369974136352539
0.005559682846069336
0.0030019283294677734
0.001995086669921875
0.008109331130981445
0.00041413307189941406
0.0010290145874023438
0.006710052490234375
0.0019347667694091797
0.0014674663543701172
0.008425474166870117
0.0033054351806640625
0.006935834884643555
0.007498264312744141
0.0011239051818847656
0.0039637088775634766
0.0007975101470947266
0.0027081966400146484
0.007298707962036133
0.0049381256103515625
0.005576610565185547
0.008625268936157227
0.004539966583251953
0.00446319580078125
0.005613088607788086
0.0043218135833740234
0.008450746536254883
0.0035669803619384766
0.0011205673217773438
0.010317087173461914
0.007324934005737305
0.005246639251708984
0.009951591491699219
0.009895563125610352
0.007746219635009766
0.005415678024291992
0.004034996032714844
0.007500410079956055
0.0018832683563232422
0.0033397674560546875
0.00036406517028808594
0.0034928321838378906
0.006483554840087891
0.008495569229125977
0.00607609748840332
0.004805326461791992
0.006982088088989258
0.0011785030364990234
0.00848698616027832
0.004207134246826172
0.006164073944091797
0.002984285354614258
0.005139827728271484
0.004881143569946289
0.009451627731323242
0.0027854442596435547
0.006567239761352539
0.005585908889770508
0.003413677215576172
0.007129669189453125
0.006465435028076172
0.006828784942626953
0.004189491271972656
0.006356477737426758
0.0061266422271728516
0.0010607242584228516
0.0027937889099121094
0.0014443397521972656
0.001495361328125
0.009038686752319336
0.008458614349365234
0.009442329406738281
0.008873224258422852
0.009669303894042969
0.006516695022583008
0.0069048404693603516
0.0018875598907470703
0.008474349975585938
0.0017359256744384766
0.0048198699951171875
0.0006220340728759766
0.0012712478637695312
0.003362894058227539
0.007134914398193359
0.008392572402954102
0.004922389984130859
0.0014181137084960938
0.008796930313110352
0.0013010501861572266
0.008413553237915039
0.007022857666015625
0.006993770599365234
0.0028052330017089844
0.0026543140411376953
0.008542299270629883
0.002282381057739258
0.00458979606628418
0.0024132728576660156
0.005249500274658203
0.008987188339233398
0.00796365737915039
0.002191781997680664
0.001058340072631836
0.003554105758666992
0.009647846221923828
0.005750179290771484
5.745887756347656e-05
0.0018088817596435547
0.008967161178588867
0.008550882339477539
0.0002880096435546875
0.008773326873779297
0.007006168365478516
0.0006582736968994141
0.007454633712768555
0.005270242691040039
0.0009469985961914062
0.004500865936279297
0.0076906681060791016
0.0037145614624023438
0.004616737365722656
0.004357099533081055
0.007104158401489258
0.002375364303588867
0.006167411804199219
0.0032644271850585938
0.005999088287353516
0.005318403244018555
0.00789952278137207
0.001032114028930664
0.0015416145324707031
0.0004138946533203125
0.0010673999786376953
0.0015714168548583984
0.0066602230072021484
0.0036325454711914062
0.006829738616943359
0.004641056060791016
0.008713722229003906
0.0010738372802734375
0.003963470458984375
0.0041196346282958984
0.004483461380004883
0.008223533630371094
0.0029163360595703125
0.004275083541870117
0.0059087276458740234
0.0036330223083496094
0.002354145050048828
0.006490945816040039
0.006463289260864258
0.006026029586791992
0.0037539005279541016
0.0015020370483398438
0.006814718246459961
0.0002453327178955078
0.008460044860839844
0.006040334701538086
0.006892681121826172
0.0022420883178710938
0.007740020751953125
0.006512641906738281
0.0027618408203125
0.009113311767578125
0.008044719696044922
0.008477926254272461
0.0022721290588378906
0.005348920822143555
0.0001583099365234375
0.003353118896484375
0.004580020904541016
0.0068416595458984375
0.0048923492431640625
0.00857234001159668
0.007463693618774414
0.00302886962890625
0.008688211441040039
0.00847315788269043
0.0016696453094482422
0.004454612731933594
0.0044820308685302734
0.003738880157470703
0.006850719451904297
0.008527994155883789
0.004305124282836914
0.004322052001953125
0.0048961639404296875
0.00047397613525390625
0.006799459457397461
0.0072820186614990234
0.0015320777893066406
0.003438711166381836
0.0020427703857421875
0.0007312297821044922
0.002621173858642578
0.009568929672241211
0.010321617126464844
0.002801656723022461
0.002081155776977539
0.004281520843505859
0.0053081512451171875
0.007486104965209961
0.007800579071044922
0.0009818077087402344
0.003855466842651367
0.00558781623840332
0.0036013126373291016
0.002434968948364258
0.0038423538208007812
0.005823850631713867
0.0016336441040039062
0.006039619445800781
0.007177114486694336
0.004163503646850586
0.002025127410888672
0.004119873046875
0.0019273757934570312
0.0071146488189697266
0.005431652069091797
0.0011909008026123047
0.0023059844970703125
0.005228996276855469
0.008676528930664062
0.004912376403808594
0.0077610015869140625
0.006383419036865234
0.005392551422119141
0.0028252601623535156
0.0014808177947998047
0.007820844650268555
0.005937337875366211
0.00010728836059570312
0.004392147064208984
0.004014492034912109
0.0032243728637695312
0.00821065902709961
0.0010187625885009766
0.008280038833618164
0.0014598369598388672
0.002095937728881836
0.0064296722412109375
8.678436279296875e-05
0.0017976760864257812
0.0003371238708496094
0.00738835334777832
0.004277944564819336
0.007128238677978516
0.004263162612915039
0.0055544376373291016
0.006264209747314453
0.0024847984313964844
0.00811147689819336
0.0009379386901855469
0.0005815029144287109
0.0038971900939941406
0.0022382736206054688
0.0018665790557861328
0.006211757659912109
0.005092620849609375
0.008961200714111328
0.005924224853515625
0.0057909488677978516
0.0018205642700195312
0.004939079284667969
0.0017893314361572266
0.009567975997924805
0.0057332515716552734
0.0009412765502929688
0.007025003433227539
0.0017154216766357422
0.008035898208618164
0.004836082458496094
0.010290384292602539
0.002659320831298828
0.003926992416381836
0.004674434661865234
0.009907007217407227
0.008095741271972656
0.008324384689331055
0.0023882389068603516
0.009540081024169922
0.0052967071533203125
0.008490562438964844
0.004992008209228516
0.009784221649169922
0.0031125545501708984
0.003058910369873047
0.008497953414916992
0.005463123321533203
0.007044553756713867
0.0067288875579833984
0.006599903106689453
0.0003974437713623047
0.00037479400634765625
0.005460023880004883
0.004221439361572266
0.005280733108520508
0.004670619964599609
0.0016274452209472656
0.003343343734741211
0.007863998413085938
0.007854700088500977
0.0026946067810058594
0.007951736450195312
0.004513263702392578
0.006539821624755859
0.0009176731109619141
0.007555961608886719
0.006017208099365234
0.0004470348358154297
0.0073604583740234375
0.00640869140625
0.01007843017578125
0.0035545825958251953
0.004004478454589844
0.009762287139892578
0.010865926742553711
0.008458375930786133
0.0010013580322265625
0.008216619491577148
0.007399082183837891
0.00839376449584961
0.00929570198059082
0.00024318695068359375
0.006702899932861328
0.008795976638793945
0.004285573959350586
0.00755763053894043
0.003480195999145508
0.004653215408325195
0.0036766529083251953
0.003509521484375
0.0019338130950927734
0.006006002426147461
0.00788116455078125
0.005048036575317383
0.006373882293701172
0.004422664642333984
0.0046460628509521484
0.008960723876953125
0.0014302730560302734
0.007582426071166992
0.0077898502349853516
0.001214742660522461
0.0026259422302246094
0.008665084838867188
0.008806705474853516
0.01008749008178711
0.0018382072448730469
0.0010840892791748047
0.007858514785766602
0.0007534027099609375
0.008979320526123047
0.0001914501190185547
0.0012691020965576172
0.0030090808868408203
0.0012881755828857422
0.003737926483154297
0.008445024490356445
0.0007283687591552734
0.00931549072265625
0.0016679763793945312
0.007737636566162109
0.002729177474975586
0.006010532379150391
0.005679607391357422
0.0016376972198486328
0.0016078948974609375
0.0019414424896240234
0.0026268959045410156
0.0002720355987548828
0.0017218589782714844
0.010419845581054688
0.008768796920776367
0.0012562274932861328
0.003373384475708008
0.0034322738647460938
0.005712270736694336
0.009433746337890625
0.009344339370727539
0.008360147476196289
0.0066030025482177734
0.0006237030029296875
0.005866527557373047
0.005143404006958008
0.0005412101745605469
0.005783796310424805
0.0034263134002685547
0.006656646728515625
0.007729530334472656
0.008699655532836914
0.0051534175872802734
0.008782148361206055
0.005628347396850586
0.002676248550415039
0.003517627716064453
0.006924867630004883
0.004143953323364258
0.010531187057495117
0.0005769729614257812
0.004873991012573242
0.007989883422851562
0.003925800323486328
0.006852149963378906
0.006539821624755859
0.00904083251953125
0.008118152618408203
0.007032155990600586
0.0034241676330566406
0.0003972053527832031
0.007247447967529297
0.0005621910095214844
0.0077669620513916016
0.002611875534057617
0.004938602447509766
0.007027626037597656
0.002088308334350586
0.007158756256103516
0.006191730499267578
0.006517171859741211
0.0022580623626708984
0.0005669593811035156
0.0054950714111328125
0.007802486419677734
0.008490324020385742
0.005799293518066406
0.0053751468658447266
0.005609989166259766
0.0007474422454833984
0.002932310104370117
0.0003228187561035156
0.005072116851806641
0.005578279495239258
0.009067296981811523
0.0029120445251464844
0.00641322135925293
0.005251169204711914
0.004954338073730469
0.002551555633544922
0.007812976837158203
0.0026099681854248047
0.004358768463134766
0.0067043304443359375
0.0023734569549560547
0.009336471557617188
0.006646156311035156
0.008070945739746094
0.007409095764160156
0.006337881088256836
0.00047659873962402344
0.004559993743896484
0.0015621185302734375
0.0064351558685302734
0.007258415222167969
0.009339570999145508
0.0007488727569580078
0.0019032955169677734
0.006783246994018555
0.003450632095336914
0.003923892974853516
0.0011608600616455078
0.003168344497680664
0.0023565292358398438
0.0054743289947509766
0.004576444625854492
0.004550457000732422
0.004974365234375
0.0005090236663818359
0.002075672149658203
0.008843660354614258
0.0016446113586425781
0.0003495216369628906
0.002382993698120117
0.0006177425384521484
0.0001068115234375
0.007800579071044922
0.007010936737060547
0.004286050796508789
0.0015120506286621094
0.008337736129760742
0.0075795650482177734
0.004950046539306641
0.009384632110595703
0.006188154220581055
0.0034372806549072266
0.005543947219848633
0.0024352073669433594
0.008339405059814453
0.0068645477294921875
0.0015652179718017578
0.006232500076293945
0.0007531642913818359
0.0020875930786132812
0.0018496513366699219
0.0077362060546875
0.005419731140136719
0.004214286804199219
0.0060062408447265625
0.00024199485778808594
0.00029921531677246094
0.0017201900482177734
0.007042407989501953
0.007628202438354492
0.00705409049987793
0.009788751602172852
0.005587339401245117
0.0010340213775634766
0.00443577766418457
0.004557609558105469
5.936622619628906e-05
0.00700068473815918
0.0047566890716552734
0.004645586013793945
0.006341218948364258
0.008345603942871094
0.0028035640716552734
0.004866600036621094
0.00029778480529785156
0.003124237060546875
0.0035288333892822266
0.005949497222900391
0.005793571472167969
0.0022258758544921875
0.006310224533081055
0.005676984786987305
0.005143880844116211
0.0036957263946533203
0.00017786026000976562
0.0068285465240478516
0.0058863162994384766
0.0074083805084228516
0.004759788513183594
0.010840177536010742
0.0015668869018554688
0.005670070648193359
0.0006358623504638672
0.008255481719970703
0.003992557525634766
0.0042722225189208984
0.002675771713256836
0.004634380340576172
0.0036635398864746094
0.002648591995239258
0.0026187896728515625
0.007140398025512695
0.003789663314819336
0.004031181335449219
0.00912332534790039
0.00042510032653808594
0.0073735713958740234
0.008667945861816406
0.002519369125366211
0.0026171207427978516
0.008259296417236328
0.0031125545501708984
0.007961034774780273
0.002070903778076172
0.005243778228759766
0.0019826889038085938
0.001445770263671875
0.0026085376739501953
0.010238170623779297
0.00066375732421875
0.006171703338623047
0.007342815399169922
0.0008115768432617188
0.008313179016113281
0.003909587860107422
0.009232521057128906
0.004766702651977539
0.0008332729339599609
0.0011143684387207031
0.008399486541748047
0.00176239013671875
0.0018162727355957031
0.007876157760620117
0.0061588287353515625
0.006760120391845703
0.0047986507415771484
0.008846759796142578
0.0009827613830566406
0.004201650619506836
0.0073049068450927734
0.00418543815612793
0.005472660064697266
0.0024709701538085938
0.009252309799194336
0.00844120979309082
0.009410619735717773
0.008684873580932617
0.0003719329833984375
0.008956670761108398
0.008306264877319336
0.002580881118774414
0.005670070648193359
0.007061481475830078
0.0031833648681640625
0.0014309883117675781
0.008942842483520508
0.00901651382446289
0.010093212127685547
0.0023031234741210938
0.004239082336425781
0.008018732070922852
0.0047948360443115234
0.0037806034088134766
0.0009012222290039062
0.009075164794921875
0.004224538803100586
0.002523183822631836
0.007468461990356445
0.0010700225830078125
0.008239030838012695
0.0037679672241210938
0.004437685012817383
0.003259420394897461
0.0042073726654052734
0.0027801990509033203
0.00865936279296875
0.007445335388183594
0.0064961910247802734
0.004684925079345703
0.0025756359100341797
0.009732484817504883
0.0027861595153808594
0.0028460025787353516
0.008700132369995117
0.0035004615783691406
0.0010967254638671875
0.006675243377685547
0.007209062576293945
0.0023276805877685547
0.009511709213256836
0.0020673274993896484
0.00949859619140625
0.007515907287597656
0.005243778228759766
0.0007152557373046875
0.00616908073425293
0.0004975795745849609
0.001504659652709961
0.0028450489044189453
0.0013747215270996094
0.008817434310913086
0.007546424865722656
0.006249666213989258
