417,267,273,72,363,429,87,108,401,230
46,205,87,108,158,99,232,471
290,120,61,248,489,245,123,115,338
337,323,242,1,307,461,409,206,33
509,387,268,508,366,286,467,204
379,136,218,280,508,366,452,230,85
41,202,487,14,291
365,90,82,360,479,73,325
135,297,83,264,382,499,94,446,464
152,457,100,491,289,19,57
260,458,435,438
235,409,305,209,193,47,233,135
356,234,439,413,481,422,147
83,264,323
489,229,59,175,93,257,395
434,412,273,72,363,429,87,108
369,181,290,200,258
172,194,303
501,496,280,508,366,452,150,422,192
48,352,324,95,162,288,390
225,83,264,382,499,165,171,134,220
301,264,278,374,253,330
211,318,393,34,243
185,257,395,77,435
388,91,202,115,280,64,464,336,380,78
298,17,449,408
361,299,315,234,157,61,248,489
425,151,324,297,149,204,282
261,389,483,8,48,45,337,30
305,184,343,315
198,248,489,229,507,30,97
425,151,324,95,162,340,166,208,477,241
232,413,481,314,266,223
77,435,496,417,267,273,388,91,48
177,500,424,56,82
227,60,121,184,115,385
479,73,51,26,222,85,321,21
51,26,222,85,364,159
317,322,274,288,498
454,331,310,468,180,449
227,284,112,479,94
355,69,95,87,108,401,272
274,288,35,165,171,351,341
464,336,380,360,479,94,404,22,229,38,86,399
222,85,364,373,449,115,235,128,191
478,391,248,470
354,75,323,242,1,273,72,363,429
288,498,129,450,455,213,410
376,100,491,217,268,91,99,232,476
181,436,383,58,225,331,310
138,146,135,230,153,122,447,140
165,392,484
389,483,8,148,394,500,116
411,213,313,208,477,154,448,49
383,58,477
451,281,245,421,276,210,58
74,195,477,154,448,151,324
340,47
478,391,218,242,1,273,388,91,202,115,338
376,100,204,161,317
122,74,195,477,154,249,59,397
81,336,380,360,42
39,12,119,398,439,251,480,487,14
371,364,372,492,179,94,318,386
398,217,403,308
306,232,91,48,352
240,22,397,39,12,406
339,259,511,251,480,487,14,291,231
291,220,67,287
351,136,174,17,354,121,184,343,510
197,259,143,80
194,388,91,202,36,357
194,155,149,38,188
442,165,171,134,220,67,477,465
326,348,183,474,373,449,115,280,25,13,426
226,276,210,385,338,181
346,304,450,129,451
136,80,400,86,228
72,265,25,364,372,492
459,361,238,83,264,382,499,94,318,386,44,23
480,487,14,291,324,95,87,108,401,230
321,474,373,449,408
311,40,391,447
255,349,424,56,82,58,477
277,505,391,218,242,410,67,221,390
138,227,60
190,221,271,496,417,182,319
192,270,350,265,25,231,217
47,449,115,338,206,33
246,277,505,391,218,280,508,366,452,150
317,314
259,412,252
485,400,86,228,164,478,391,209
476,61,248,406,4,200,258
428,267,273,72,265,25
303,87,173,290,120,301,264,382
200,358,127,242,1,413,370
415,298,17,449,115,280,64
327,127,242,410,67
387,268,91,202,115,280,64,464,336,380
457,422,192,406,29,283
210,145,457,100,204,161
294,460,475,506,411,416,176
101,240,68,200,258
304,163,100,279,426
348,183,474,373,449,198,248,489,245
113,477,241,271,496,417,182,319
167,394,500,116,342
163,298,17
56,82,58,230,442,165,171,288,390
34,480,487,14,291,231,217,268,91,202,180
467,204,282,298,380,193
332,417,267,477,241,271,496,280,64
451,281,245,421,78,190
256,4,126
406,4,170,433,375,9
325,58,225,129,450,455,291
245,168,447,40,391,218,242,1,273,388,91
281,452,18,460,234
488,398,346,304,450,129,175,246,155
51,392,484,225,331
278,56,82,58,230,442,165,171,288
93,257,395,300
123,357,273,72,265,211
411,213,313,61,248,406,4,88
278,81,105,485
280,316,246,277
265,277,505,6
101,240,342,386,44,23
128,191,384,444,72,265,25,231
511,251,240,22,421
492,179,94,446,377,243,293
66,8,146,99,232,157,431
292,171,122,447,40,391,218,242,1,413,370
366,452,230,153,122,60,121,184
413,481,422,192,270,355,69
217,403,170,263,443,419,31
307,461,417,267,273,72,265,348,44,23,427
60,266,256,4,88
454,267,273,157,61,248,489,245,168
247,249,195,477,241,271,496,277
40,391,218,242,410,67,477,241,271
361,238,418,228,367,50,383,73,326
31,183,474,14
152,234,17,354,75,310
13,171,122,60,121,184,343,501
276,210,58,477,154,304,282
138,146,99,232,291,324,95
374,143,80,130,96
371,364,223,98,462,13,20,110
505,391,218,242,1,273,72,363,429,87,173
252,450,129,215,302,47
184,343,323,242,1,273,157,431
100,352
419,106,355,69
472,6,492,179,324,7,72,363,407
311,129,276,294
381,428,411,31,183,474,201,294
178,404,22,229,59,175
120,61,248,489,358,127,242,410,67,221
455,226,409,206
485,400,57,5
168,447,40,391,218,280,25,13,20,110
343,323,242,410,289,19,62,486
498,129,450,216,321,21
324,7,72,265,25,231,217,403,170,347
459,361,238,418,228,164,478,352,87,108,401,54
82,58,477,241,271
343,124,304,163,352,122
6,492,179,324,95,162,288,498
287,4,170,424,56,82
212,436,383,58,230,442,136
377,243,500,238,418,228,164,419,402
492,179,324,7,35
19,282,378,509,11,125
204,372,492,179,324,7,72,265
110,289,319,197,161,328
427,403,170,424,56,82,58,477,154,448,228,367
7,72,265,25,231,217,403,436,383,73,18
498,101,240,22,229,507,30,333
119,75,3,388,91,202,115,338,181
34,121,184,343,323,242,1,413,354
99,232,413,481,314,266,312,320
136,80,155,260,458,380,78,190,83,264,382
302,47,449,115,338
458,435,496,280,25,13
507,30,25,163,119,398
295,56,82,166,208,263
387,268,91,202,36,337
292,169,329,324,95,162,340
212,397,39,12,278,33
289,319,197
25,13,171,122,60,121,184,343,510
378,509,314,266,223,127
504,498,101,240,429,285
221,271,496,417,267,273,72,363,429,223
433,270,22,229,507,30,15
344,408,441,336,380
28,269,315,234,157,478
342,386,44,55,446,464,336,380
255,349,424,25
3,388,91,459,361,238,418,228,367,50
173,290,120,61,248,489,238,207
8,274,478,391,218,280,316,12
470,362,94,446,464,336,380,360,93
374,30,25,231,217,403
457,422,192,406,4,421
461,451,281,245,270,317
286,467,203,86,228,164,419,31
55,45,337,323,242,1,413
238,418,228,164,478,391,218,280,25,231
167,289,19,274,288,498,101,240
355,69,95
497,198,248,489,358,127,242,410,102
155,260,458,380
279,392,24,151,324,95,87,108
210,58,477,154,249,59,397,266,172,194
4,170,424,473
403,170,135,297
330,366,452,230,442,136
92,321,474,255,349,207
124,304,450,364,373,411,416
248,489,58,225,331
383,58,477,154,448,228,164,311,40
405,222,490,55,45,311
302,47,91,202,36
347,312,218,242,1,413,481,84
164,419,106
150,422,376,100,491,442
436,344,408,441,389,483
333,8,48,352,87,108,401,272
155,260,458,380,360,93,257,395
106,170,456,319,197,259
235,409,305,209,193,232,413,481
43,463,153
374,143,113,299
321,377,54,43
185,257,395,119,75,310,410,67,287
193,47,233,271,496,280,316,12,119,398
162,479,94,318
82,360,479,73,326
103,66,8,274
54,345,181,436,344
146,99,232,413,481,314,281
208,477,241,271,496,298,380
26,508,366
506,418,228,367,509
262,54,345,346
380,78,190,329
244,107,256,270,22,229,59,318,393
423,37,273,72,363,429,87,108,158,159
209,25,231,217,403,308
360,93,257,395,4,421
141,1,413,236,16
393,186,109
361,106,170,135,459
405,222,85,403,170,263,443,419,106
412,354,121,184,147
302,251,240,22,397
382,179,324,95,493,197,451,281
396,413,481,422,192,406,453,511
487,189,450,455,60,121,184,343,510
337,323,242,229,38,188
131,124
314,266,111,195,477,241,271,46
264,382,499,165,392,24,151,16
20,238,418,228,164,311,129,450,364,372,492
348,183,474,373,449,115,235,128,41,375,9
30,25,13,365,153
155,260,458,380,360,479,94,404,22,229,507,30,333
464,336,61,248,489,358,183,474
83,264,382,499,94,404,22,124,304,214
162,127,242,1,452,45,130
82,360,93,257,395,119,75
510,12,455,213,313,368,196
109,509,387,268,91,48
231,217,403,308,64,254,466
12,455,213,313,340
418,228,164,311,129,450,364,223
226,235,128,191,17,422
404,22,397,266,223,98,462,212
27,364,159,177,500
225,129,450,364,159,177,500
14,291,231,267,273,157,61,248,489,358
223,127,242,1,307,461,409,305,209
301,264,382,499,165,171,134,220,67,287
291,324,7,72,265,211
178,507,30,25,13,171,43
27,62,318,153,122
189,498,101,240,278
22,124,304,214,187
301,264,382,499,94,446,377,243
489,245,270,355,69
380,360,479,94,404,22,229,59,475
219,75,310,28,268
437,489,214,187,34
159,229,507,30,15,327
511,251,240,22,229,507,30
373,449,115,280,508,366,452,230,405,425
128,191,384,70
307,461,451,281,245,270,22,397
237,365,153,122,33
455,291,324,95,493,197,259
413,151,324,7
343,323,242,410,102,201
383,73,312,245,415
157,61,248,489,358,127,242,410,102
27,359,226,473,333
372,492,179,324,7,72,265,25,231,217,403,170,456,186
256,395,119,398,243
186,290,120,61,248,406,371,364,185
307,461,409,305,209,193,232,413,481
211,59,175,93
479,94,404,22,397,39,12,278
506,420,146,99,216,79
481,422,192,406,371
254,324,95,493,197,451,281,245,270,355
314,266,111,195,477,465
495,265,348,183,474,373,411,213,313,368,71
85,364,373,449
453,141,1
214,187,307,428,411,213,313,340,227,284,112
97,412,273,161
438,61,248,489,58,477,154
54,289,319,197,451,168,447,10
232,413,407,332,193,47,233
285,75,323,242,1,413,481,314
225,129,450,364,372,492,179,324,95,87,108
176,159,177,66
426,244,162,340,31
248,406,4,200,258
27,62,242,410,63,246,155
260,458,435,496,417,182,128,191
171,122,60,121,184,343,501,105,485
84,58,230,85,364,100
140,158,159,177,500,238,418,228
94,404,22,397,266,111,195,477,154,448
168,490
22,397,266,312,320,346,345,253
172,353,436,500
330,498,101,240,342,386,44,55
452,150,362,94,318,386,44,55,379
134,220,380,375
27,62,242,1,273,157,61,248,470
495,265,348,44,55,45,337
496,417,267,273,157,61,248,406,4,200
477,154,448,228,164,311,129,450
308,238,418,228,164,311,129,408
391,218,242,1,273,157,247
99,216,41,454,378
342,315,219,419
457,100,491,289
132,442,165,171,351,341
24,475,407,249,59,397,79,295
364,185,257,395,4
393,397,266,312,320,346,304,372
437,507,30,25,364,372
26,222,85,364,223,127,242,1,273
196,80,155,149,431
488,398,346,304,163,352,49
34,121,184,343,323,242,410,71
91,99,232,413,481,314,266,312,320
92,321,474,373,411,364,185,118
379,136,218,280
350,265,25,231,217,403,436,344
299,315,207,156,471
74,195,477,154,448,228,164,269
322,429,87,173,290,120,301,264,382
479,94,446,377,243,205
39,12,406,4,430
95,162,340,166,39,12,244
45,311,40,391,218
182,133,304,214,502
253,512,438,61,248,489,245,168
453,165,171,288,390,92,321,21
357,160,83,123,400
308,64,464,336,380,78,56,91,459
377,259,511,485
228,164,478,391,218,280,508,366,452,150
275,102,64,464,336,380,375,490
35,59,175,246,155,207
258,507,30,25,231,217,403,170,456,186,290
484,225,129,450
205,91,5
187,34,480,487,14,291,231,217
187,307,461,417,137,250
34,121,184,343,323,242,410,362
291,324,7,72,363,429,285,69
98,462,212,412,273,72,363,429,87
204,366,452,230,85,321,474
96,405,422,192,199
283,106,170,456,55
416,268,91,99,407,332,417
229,507,329,324,297,453,275
169,329,324,297,453,275
199,238,418,465
26,222,382,499,94,404,22,397,79,295
444,509,387,268,91,99,232,413,481
224,376,24,151,324,7,72,363,429
24,151,324,95,87,173,290,120,61,248,406
221,281,452,45,130
299,315,234,129,175,93,257,395,119,398
320,499,94,404,22,397
49,336,178,507,30,25,231,217,403,114
70,100,491,289,319
318,367,50,383,58,230,442
500,238,83,123,115,235,128,191,384,444
323,242,410,67
3,388,91,202,115,338,206,33
388,91,202,115,280,508,366,286,467
376,100,491,289,19,62,486
313,208,477,154,448,228,164,311,129,215
400,86,228,164,478,391,218,280,508,366
20,238,418,228,200,169,224
51,424,56,82,156,148
404,22,397,266,312,26,222
388,91,202,36,337,197,259
95,162,127,242,1,273,388,91
140,10,164,478,391
345,346,304,450,129,451
82,58,477,154,448,49,423
71,371,364,373,449,115,280
495,265,25,364,159,229,507
486,385,311,40,506,420,405,222
389,483,8,508,366,452,150,29
241,271,496,417,267
180,449,198,248,406,453
472,6,492,179,324,95,162,340,147
340,166,451,281,245,467,204,399
153,122,447,40,391,218,242,410,482
47,449,115,235,128,191,384,444
135,297,453,275,279
397,266,172,194,155,260,458
26,222,490,185,257,395,352
391,248,406,4,170,135
371,364,159,229,38,86
339,259,143,80,214,187
307,461,451,168,447,40,337
46,504,498,101,338,181,436
484,225,129,450,364,334
102,64,464,336,380,193,47
238,418,228,367,50,383,58,230,442
71,371,364,223,98,462,13,171
151,324,95,162,340,166,208,477,241
244,107,215,448,118
109,44,55,45,311,310,410,63
489,238,418,228,361
281,452,230,442,136,80,155
352,324,7,72,9
387,268,91,202,115,280,64,464,336,178,53
353,270,22,229,507,469
482,273,157,61,248,489,58,477,154,303
272,27,62,242,1,273,72,265,25
195,477,373,449,198,248,406,4,126
486,245,270,22,397,266,172,194,303
258,293,422
272,27,62,242,1,413,262
58,477,154,448,228,368,71
185,257,395,352,87,108,226
7,225,129,450,455,213
12,406,4,170
186,109,354,471
337,323,242,1,413,481,314,266,256
175,246,277,505,391,218,280,508,366
22,229,59,475,455
192,270,22,397,39,12,244
178,507,30,25,13,171,351,136
421,128,26,222,131
222,85,403,436,383
281,440
306,385,86,468
306,350,265,277
251,83,264,77,435
20,238,418,228,164,311,129,175
114,242,1,413,407,332
83,264,77,435,331,310,468
452,230,442
113,299,315,210,145,309
162,127,242,410,102,64
392,24,475,455,226,250
101,338,206,457,422,192,199
69,95,87,108,226,276
330,498,101,338,177
281,245,270,22,397,39,12,119
316,145,457,100,392,24
100,204,282,298,380,375,490
375,490,185,257,395,300,467,204
64,464,450,129,215
104,482,273,157,61,248,406,4,88
38,86,228,164,478,391,218,280,64,254,466
146,99,232,291,220,67
355,191,17,354,365,153
14,291,324,95,493,197,259,292
276,171,122,60,121
332,417,267,477,154,249,59,397
28,269,315,234,292,169,116
132,442
280,373,449,115,235,128,41,454
323,242,1,307,461,451,168,447
156,273,435,331,310,138
75,310,28,484,171,288,498
343,124,304,450,216,321,377
264,382,499,165,171,122,152,457,145,309
257,135,297
64,464,336,380,360,479,94,318,386,44,23
88,58,477,154,303,87,108,401,272
416,268,91,202,115,280,64,464,336
163,352,49
323,242,229,507,30
60,121,184,343,124,304,450,129,175,93,52
297,149,38,188,20,110
206,58,477,154,396,413,481,84
405,222,85,364,223,98,462,212
205,72,265,348
154,249,195,166,451,281,245
173,290,120,61,248,406,29
143,271,496,417,267,273,388,91,202
228,164,311,129,450,504,421
297,83,264,77,435,331,310,28
13,171,288,201
279,155,207,156
489,358,127,242,1,413,481,422
218,289,19
114,242,410,67,4,170,263,443
352,87,108,321,474
418,228,200,214,187
2,325,58,230,442,165,171,288,35
251,480,487,14,291,324,7,72,265,348,183
173,290,120,61,248,406,4,170,424,56,82,360,479
334,30,333
128,41,454,331,453,275
477,241,271,496,280,508,366,452,18,460,76
310,410,362,94,446,506
10,164,387,268,46
235,409,305
197,451,435,496,280,25
380,78,190,83,264,382,499,165,171,288
209,193,232,413,481,84,93
16,86,108,401,230
477,154,448,369,22
127,242,1,273,157,61,248,406,371,364,185
150,362,94,404,22,397,266
459,361,106,158,99,407,261,389
493,197,161,5
158,159,229,59,475,455,226
458,380,78,56,82,58,230
14,291,231,217,403,436,383,73,325
7,72,363,429,87,108,226,409,305
481,314,266,172,194,418,228,164,419
358,183
26,222
267,273,388,91,99,232
309,452,150,362,94,446,464,336,178
480,487,14,291,324,95,87,108,401,54
156,148,394,500,424
32,373,411,31,433
304,163,119,398,341
26,222,490,185,257,395,119,398,252
271,496,417,267,273,388,269
199,267,477,241,271,496,277
33,133,304,282
13,114,242,410,362
177,500,238,418,228,164,422,376
324,95,162,340,166,208,477,241
317,322,429,285,75,337,302
149,124,304,163,119,398,456
391,248,406,275
87,108,401,452,150
449,115,235,409,461,417,137,250
356,208,477,154,303,87,108,401,54
191,384,444,249,195
304,91,459
145,486,245,123,115,280,508
75,337,197,423
170,424,56,82,156,148
12,244,107,181
99,353,189,450,504
440,221,281,452,510
418,228,367,50,383,58,230,153
95,493,197,259,297,149
270,355,69,95,162
440,221,390,229,507,30,287
297,83,123,115,338,177
260,458,435,331,310,410
412,354,121,184,343,510
216,501,496,417,182,133
395,119,398,439,413,481,314
141,226,146,99
366,452,18,460,76,69
65,180,449,115,280,64,254,466
67,477,241,271,496,280,508,366,286,467,203
461,417,267,273,72,363,429,87,108,458
191,384,444,509,11,125
346,304,450,364,223
433,268,183,474,201
229,38,86,228,164,478,391,218,242,1,307,428,70
81,333,8,48,468
459,361,238
78,56,192,406,4,170,424
358,127,242,1,273,388,91,99,232,476
55,45,311,129,175,182,133
129,175,189,109,44,55
54,345,276,210,145
257,395,4,170,424,45
214,385,86,228
372,492,179,94,446,464,336,380,193
282,298,245,421,128,41,247
345,348,44,55,379,136
340,166,208,477,154,448,228,164,311,129,237
348,183,474,373,449,115,235,128,191,384,70
94,404,22,397,266,111,195,477,241,271,496,417
348,44,55,335,272,27
34,121,184,343,323,242,1,307,428,70
272,27,62,242,1,273,388,91,99,232,476
219,419,312,320,346
192,406,4,170,456,446,299
93,257,24,475,506,420
109,44,23,172
410,67,477,241,271,496,417,267
27,62
397,266,223,98,462,493,197
323,242,1,273,157,61,248,498
450,129,175,93,257,395,4,126
353,182,133,304,282
200,358,127,242,1,413,481,314,266,312
172,194,303,87,108,158
113,477,373,411,213,313,340,463
263,443,230,442
224,376,100,491,289
210,58,477,373,411,31,183
157,61,248,489,358,81
14,291,324,95,87,108,458
86,228,367,509,11
145,486,385,338,177
303,87,108,158,159,229,59,397,79
463,153,122,447
322,429,223,98,462,212,412,440
98,462,13,20,423,316,12,278
277,505,391,248,489,444,509
265,25,13,171,351
389,483,8,407,249,195,477,154,303
206,457,100,491,289,19,274
298,109,509,11
292,452,45,289,19
404,22,397,266,256,270
179,324,95,493,197,451,168,447,40,391
473,333,359,328,325
309,452,230,442,83
343,323,242,410,102
189,450,455,291,231,217,268,91,202
274,288,498,129,450,455,213,313
131,497,198,251,240,224
314,266,312,218,280,64,254,466
342,386,44,55,45,337
142,444,72,363,394,500
453,511,251,240,22,397,266,172
213,313,61,248,489,214
288,498,129,175,182
384,444,72,265,348,183,474,255,114
430,332,48,45,311,40,391
75,337,197,451,168
132,442,165,171,134,365,90
184,343,323,242,410,67,477
396,413,481,422,192,406,453
366,452,230,85,179,324,7,72,363
423,316,12,455
386,44,357,273,388,91,48
122,186,109,44,488
61,208,133
75,94,488,398
356,208,477,154,396
456,55,45,289,19,62,486
37,273,72,363,429,87,108,401,230,442,15
51,26,222,189,109
57,5,150,362,94,404
158,159,465,337,197,259,511
257,395,4,170,424,56,82,58,477,154,249,195
337,197,259,297,83
166,39,12,441,160
331,310,410,362,94,404,22,397,266,172
118,465,337,323,242,1,413,354,121,184,343
469,54,289,19,274,478,391
50,383,58,477,154,303,87,108,401,272
194,418,228,200,358
44,55,446,506,411,416,268
233,271,496,280,373,411,213,313
90,480,256,86,399
38,86,228,164,311,129,450,455
7,72,363,326,419
154,448,228,164,311,212,412,440
409,305,209,230,442,136,174
116,342,315,234,157
197,259,143,31,183,474
50,383,58,477,373,449,115,338,206,457
217,403,170,456,423
5,150,362,315,234
121,184,343,323,242,410,27
4,170,456,319,494
53,392,24,151,324,95,87,108,321,21
356,234,439,365
315,219,419,31
300,82,166,39
119,398,346,304,450,129,175
455,226,409,305,209
350,265,348,183,474,255,114,242,410
311,205,87,173,290
91,459,361,106,170,456
355,191,17,422,347
201,41,202,115,235,128,191,17,422,192,199
452,230,85,321,474,201
41,202,115,280,25
391,248,489
486,385
223,98,122,152,457
8,48,352,87,108,158,159,229,507
441,336,380,78,190
238,418,228,164,419,106,158,99,232,476
318,386,44,55,379,136,174
394,500,238,83,123,400
308,64,464,336,380,78,56,82,58,306
423,316,350,265,348,44,23,172,434
279,392,24,475,455,308
74,195,477,154,448,228,164,269,315
439,251,480,487,14,291,324,7,72
512,357,411,213,313,340
166,39,12,406,4,170,424
382,499,165,115,235
269,315,219,75,310
18,460,234,439,251,480,487,14,291,139
99,232,413,481,84
510,17,414,375,490,185,257
33,506,411,364,73,18,460
36,465,234,129,450
503,58,477,465,234
442,396,200,358,81
280,25,13,171,122,447,10
69,236,217,403,170,424
284,279,426,244
217,403,497,198,502
450,129,451,281,245,270,317
189,450,455,213,313,208,477,241,271
336,380,78,56,82,58,477,154
328,325,58,230,442,136
70,72,265,25,13,171,43,463
344,406,4,170,424,45,311,117
10,164,419,106
323,242,178,53
343,124,304,214,187,34
218,242,1,413,262
349,454,331,310,28,269,315,437
168,447,40,391,317
320,346,304,282,298,245
431,360,93,257,395,119,75,323
438,61,248,406,4,170,433,375
163,119,398,439,413,262
216,321,474,255,349,424,56
59,475,455,226,235,128,41,247
184,343,323,242,1,413,370
109,44,23,172,353,182,133
397,39,12,119,398,252
490,185,439,251,83,264,382,499
136,80,155,207,213,313
387,268,91,99,353,145
359,55,446,464,336,380
229,59,397,79,295
135,297,83,264,77
137,250,286,467,203,86,468,180,356
236,217,403,170,424,56,82,58,477,154,249
320,273,157,61
232,157,61,248,489,238
100,491,217,268,91,202,115
8,48,352,87,108,226,235,128
291,324,7,72,265,348,44,23
365,108,226,276,210
378,509,387,268,508,366,452,230,85
19,62,242,1,273,388,169
407,332,417,267,273,157,61,248
216,321,474
73,312,320,346,304,282,298,380
241,271,94,404,22,397
485,400,269,315,210
176,159,229,59,318,386,44
200,358,127,242,1,273,72,265,25,13,20
24,475,398,243,293
403,170,456,446,506,420,146
292,169
431,360,93,257,395,119,398,341
270,22,397,266,172,353,394
175,182,133
311,40,391,218,242,1,273,72
370,142,239,129,408,441
423,316,12,244,107,215
103,2,369,22,397,266,172,434
420,405,382,499,458,380,360,479
38,86,228,164,387,268,91,495
33,506,420
283,424,25,13,171,288
384,315,234,439,413,481,422,347
66,156
261,389,483,8,146,99,216,321,377
198,248,406,4,186,290,120,301
309,452,45,311,117
81,363,429,285,69,104
393,360,479,94,446,464,162
295,98,462,13,20,110,289
4,170,456,319,197,259,292
221,271,496,417,267,273,157,61,248,406,29,90,89
28,313,32,373
358,127,242,229,59,175,93
79,295,56,82,58,477,241,271,496
429,87,108,401,230,405
20,238,418,228,164,478,391,251,480,487,14
13,171,122,186,109,44,23,427
123,115,338,347
90,82,58,477,154,448,49
34,243,293,423,316,350,265,25,13,20
66,8,146,99,232,413,481,422,192
120,61,248,489,329,324,95,493,197,259
85,364,159,229,59,175
11,340,166
78,56,192,270,355
257,395,4,170,424,56,91,202,115,338
332,417,267,273,157,61,248,489,358,430
250,286,225,129,450,504
458,380,360,479,94,446,506,411,213
420,146,37,273
189,450,455,226,409,305
405,382,499,94,404,22,229,59
256,467,49,336
230,405,14,291,139,427
368,210,385,311,129,450
284,18,460,234,157,61,248,406,29
439,413,481,422,376
88,390,229,38
269,315,234,129,450,455,308
326,348,44,55,379,136,80,155,260
481,422,192,406,4,421,128
400,86,228
321,474
156,148,394,500,238,418,228,367
36,337,323,242,410,67,477,154,249,195,166
426,244,9,55,379,136
350,265,348,44,23,382
246,155,260,458,435,331,355
489,329,324,7,72,363
187,307,461,409,376
142,422,376,100,491,289,19,274
108,321,474,373,411,213,68
294,460,237
42,120,301,264,382,499,165,392
151,324,7,72,265,25,231,217,403,170,424,56,82
254,466,429,87,108,226,322
171,288,498,129,450,455,291,139
362,94,318
26,222,382,499,94,404
160,72,265,348,44,23
196,83,461,409
12,441,389,483,8
392,24,475,506,418,465,337
272,152,234,439,251,240,224
279,426,244,107,256,270,350
395,352,122,74
480,487,238,418,228,164,269,315
352,87,108,158,159,229,507
375,319,197,451,435,331,310
208,477,154,448,228,164,311,310,28
79,107,231,217,268,91
388,91,48,45,130,96
99,232,471,111,195,477,241
445,416,268,91,99,232,413,481,422,376
83,264,382,179,324,7,72,363,429,291
209,193,321,474,255,349,454
209,331,310,410,67,4,421
203,149,38,188,74
498,129,450,455,226,235,128,191
363,394,52
28,313,208,477,154,249,110
134,220,67,477,154,448,228,164,311,117
469,54,133,304,214,187
512,467,203
320,346,304,282,298,380,360,479
346,304,450,455,291,231,217,403
314,266,172,194,418,228,368
128,191,17,354,75,3
54,289,19,274,478,352,118
159,229,38,467,203
353,270,22,229,38,188
185,439,304,450,129,175,93
259,511,251,480,487,14,291,220
406,4,170,456,319,197,451,435
294,460,234,157,61,248,489,329
165,171,43,401
469,54,295
399,261,389,483,501,307,428
411,213,313,340,166,451,435
101,412,420,146,99,232,476
15,320,346,345,276
142,239,139,485
30,25,231,217,403,308,64,254,466
368,196,384,433,375,490
459,361,238,83,264,382,499,165,171,134
473,259,511,251,240,22,397
286,467,204,282,298,380,78,84
72,363,429,87,173,290,120,61,248,489,245,472
205,87,108,401,48,352,324,7
355,191,17,449,408,441,160,224
84,58,230,85,321,474
201,41,454,331,310,410,67,4,88
122,447,10,164,311,129,450,455
232,413,481,314,432
155,149,116
309,265,25,13,171,122
447,40,506,420,405,382
422,192,406,4,170,456,446
274,478,391,447,40,506
248,489,58,477,241,271,496,280,64
336,380,375,9
422,192,270,22
44,55,446
275,102,446,506,418,228,164
239,129,450,216,321,21
6,2,202,115,235,128,26
431,360,93,257,395,4,421,276,210
139,427,403,497,198,333,8
91,202,115,280
41,202,487,238,418
469,54,345,276,210,58,477,154,396
35,59,475,506,283
425,151,324,95,87,108,158,99
117,391,218,242,1,273,388,91,202,115,235,128,41
42,120,61,248,489,245,270,355,191
263,443,62,318
474,373,449,115,280,316,12
40,506,411,213,313,368,71
343,323,242,410,289,319,197
113,477,465,337,197,259
502,460,234,157,61,248,406,4,200
365,90,82,58,477,373,449,408,441,160
152,59,475,506,411
482,273,388,91,459
253,512,357,273,157,96
2,369,313,66
140,158,99,232,413,481,314,281,452,150
3,388,424,320,346,304
504,498,101,412,420
316,350,265,25,364,223,98,462
352,87,173,290,120,61,248,489,58
349,379,136,174,17,422,347
48,352,122,60,266,172
417,182,128,191,17,414,167
448,228,164,311,129,175,246,431
210,385,86,108,226
256,4,170,456,55,335
86,228,164,478,391,218,242,410,63
201,41,375,319,197,451,281
36,337,323,242,410,67,501
71,371,364,372,492,179,324,95,162,340,463,89
277,505,391,218,280,25,231,217,268
261,389,483,501,496,417
92,321,377,54,345
360,42,12,441
136,174,17,354,424
242,1,273,157,61,248,406,371,364,372
487,189,450,364
79,149,415,298,17
424,56,192,199
163,100,392,24
495,265,25,13,20,238,83,264
284,18,460,234,439,413,236
177,500,238,418,228,367,50,383,377,243,293
347,312,218,242,1,273,157,61,248,489,358,127,437
235,128,41,202,487,14,291,470
301,264,382,499,94,446,506,411,31
492,179,324,7,72,265,25,231,217,403,170,456,186
201,41,247,318,386,334
201,363,394,500
188,74,195,477,241,271,496,280,508,366,452,18
92,188
374,168,447,40,391,218,280
282,298,380,413
408,441,160,72,363,429,285,69,104
441,122,447,40,391
82,58,477,373,449,115
461,409,206,33,131
504,498,129,175,246,155
361,106,158,99,232,413,481,314,266,256
491,289,95,87,108
122,152,457,100
436,383,73,312,245,270,355
126,364,100,491,176
486,385,338,177,151
286,467,203,149,431
237,365,90,480
237,194,418,228,368,71
149,38,207,156
173,196
241,271,496,417,182,228,367,50,383
193,232,157,61,248,489,245
400,269,315,234,129,450,504
33,506,411,213,313,32,373,449,408,441,160
57,147,261,480,438
386,44,55,379,136,174,258
427,403,170,424,45,311,129,175,246
20,238,83,123,115,338
250,286,467,204,282,298,17,354,471
43,463,114
419,312,59,475,506
44,357,273,157,61
158,159,229,59,475,506,420,405
77,238,418,228,164,311,129
82,58,477,154
510,17,354,75,310,410,67,287
152,457,100,392,24,151,324,95
391,251,240,22,397,79
471,111,195,477,154,304,163
156,471,10,164,311,212,412
488,398,456,186,137,250
206,457,422,192
490,185,257,395,352,122,60
360,479,94,446,506,411,416,268
134,220,67,477,373,449,115,235,409
248,489,238,418,228,164
112,45,311,129,450,455,213,313,340,227,284
121,184,343,323,242,410,43,463
156,471,10,164,419,106
244,76,35,479,94
165,115,280,25
478,391,251,240,224
185,257,395,119,414,194
376,128,41
245,270,22,229,38,86
304,163,119,75,3
129,450,455,226,146,99,353
241,271,496,417,459,81,105,485
91,48,352,87,108,226,473
233,271,496,417,267,273,388,91,99,232,413
4,421,276,210,385,86,399
173,290,120,61,248,489,229,38,86,399
106,158,159,229,59,318,393
321,474,373,449,198,248,489,229,59
484,108,158,99
363,429,223,98,462,198
168,447,40,506,411,416,268,46
287,60,266,223,98,462,212,436,344
285,454
493,197,259,297,149,415
457,100,491,289,319
358,127,242,1,273,157,61,248,489,329
289,319,197,259,511,251,480,487,189
78,56,82,409,305,209
407,332,417,267,273,157,61,248,489,245,472
133,304,282,298,380,193,47,440
127,242,229,38,86,399
359,55,446,506,420
32,373,411,213,313,340,227,284,112
157,61,248,489,58,225,331,310,28
403,170,424,56,82,58,225,331,294
49,336,178,507
69,115,280,25
81,333,222,131
229,59,475,455,260,458,380,375,9
431,360,93,257,395
363,429,87,108,401,230,405,222,131
296,417,182,133,304,450,455,60
346,304,91,99
163,119,398,439,251
443,419,405
433,375,9,55
169,116,342,386,44,55
71,371,364,372,492,179,324,95,87,108,158,99,232
398,439,251,480,487,14
302,47,233,271,496,417,267,273,435,331
147,261,480,487,238,83,264,382,499
354,471,111,195,477
143,261,494
433,315,234,157,61
465,234,129,175,93,257,24
68,200,358,127,242,1,413,370
119,398,439,406,29
212,369,80,155,260
345,348,183,474,255,114,242,1,273,388
157,61,248,406,371,364,159,177
27,62,242,1,413,407,261
249,195,477,373,411,31,183
483,8,407,249,195,477
252,450,364,100
395,300,467,204,206
80,155,260,458,380,360,479,73,51
210,58,477,373,449,115,235,128,41,454
325,58,225,83,123
419,106,158,159,229,507,30,97
251,480,487,189,450,129,451,281
389,483,8,48,62
348,183,474,255,114,242,1,413,370
42,120,61,248,406,29,90
303,87,108,158,99,353,436,344
91,202,115,280,508,366,452,230
195,477,241,271,496,417,267,273,161
41,454,331,310,410,67,287
372,492,179,366,286
307,461,451,435,331,453,511
457,100,392,484
472,148,394,500,238,418,228,164,478,352
266,172,353,145,309
401,230,442,165,171,351,374
81,177,500,410,63
311,310,28,484,171
123,357,273,72,363,394
239,139
164,311,129,175,189,109,44,488
162,288,498,334
308,64,464,336,380
350,265,25,13,171,122,447,40,391
47,233,135,459,361,106
410,63,246,160,83
276,210,385,86,228,164
188,20,238,83,264,77
281,452,230,442
79,149,124,304,16
498,129,451,435,496,280
498,129,450,364,223
257,395,119,398,252
248,489,229,59
142,357,273
142,422,445,416
60,121,184,115,235,128,191,384
353,270,317
170,456,319,197,451
472,225,331,310,28,269,315,234,157
225,129,175,93,52
265,25,13,20,238,418,465
432,365,90,480,253,512
26,222,382,499,246,431
56,82,58,225,83,264,77
220,67,501,8
398,217,11,125
280,25,231,217,268,91,202,180
301,264,382,499,165,392,24,475,407,332
221,390,376,100,392
355,455,226,409,206,33,131
199,238,83,264,382,499
399,186,109,44,55,379,136,80
133,149,203
129,175,246,431
413,481,314,266,223,98,462,212,436
3,511,251,240,22
168,447,40,506,420,146,135,297
202,36,337,323,242,1,413
143,271,496,417,267,273,388,91,99,232
436,344,408,441,160,72,363,429
103,2,369,22,397,266,312
282,298,380,78,190,285
117,391,218,242,410,67,477,154,448
90,82,58,230,85,364,372
239,327,127,242,1,273,388,91,202,180,356
260,458,380,360,479,73,325
142,487,238,83,461
509,387,268,91,459,361,238,418,228,367
250,286,487,14,291,324,7,72,265
347,312,320,346,496,417
36,337,30,25,13,346
511,251,83,167
281,452,45,311,129,175,246
49,336,380,360,479
252,450,129,175,246
389,483,8,148,394,500,238,418,228,367,50
164,419,106,158,99,232,471
393,186,290,120,61,248,489,358
306,350,265,348,44,55,45,130
398,217,403,436,383,73
152,234,300,193,232
265,25,231,217,403,170,424,56,82,58,477,154,249,195
24,151,324,95,162,127,242,410,67
162,127,242,1,413,481,314,432
85,179,94,318,393
73,342,386,44,55,45,130
483,501,496,417,182,128,191,384
304,450,455,226,250
436,383,58,230,442,165,171,288,498,101
506,411,213,313,340,463
172,194,418,228,164,478,391,218,280,25
109,44,23,427,403,170,135
179,94,404,22,397,112
276,171,122,447,140
14,291,470
319,197,451,435,496,417,182,133
360,479,73,51,26
381,428,411,31,183,474,255,349
259,511,113,477,154,396
259,143,271,496,280,508,366,452,230
40,391,251,240,22,397,79
15,92,321,474,262,446,464,336,380,360,42
170,456,186,137,250,286
500,238,213,313,340
350,265,142,422,192,270
231,217,268,91,202,115,235,128,191,17
411,416,268,91,459,81
304,450,455,60,266,172
237,194,155,260,458,380,78,190,221,390
199,298,245,270,22,359
203,86,228,164,478,352,324,95,493
128,191,17,354,75,323,242
149,415,298,380,78,503
320,346,304,450,216,41
218,280,373,449,198
368,71,371,364,223,98,462,13,20,110
354,6,2,369,80,155
72,363,429,87,108,158
508,366,452,45,311,40,506,411,31
22,397,266,223,127,242,1,273,157,61
295,1
413,354,121,184,343,501,505
280,508,366,452,150,362,94,404,22,229,38,188
2,369,313,381
187,34,243,153
372,492,179,324,7,72,363,407
475,506,420,146,37
62,242,1,49
333,8,436,383,73,51
247,318,386,44,55,45,311,310,28
393,458,380,78
359,226,235,128,191,384,70
287,60,121,470
197,259,511,251,480,487,318
255,349,207,156,153,122
332,417,267,273,157,61,248,406,29,283
216,321,21,265,25,13,426
469,54,289,319,197,451,281
274,478,352,87,108,158,267
176,159,465,120,301
76,35,59,175,93,257,395
132,143,88,476
480,396,502
357,273,157,61,248,489,329,324,7
212,412,354,6,492,179,324,95,162
60,121,184,343,124,304,450,455,226,322
266,223,98,462,13,171,134,220
309,265,348,183,474,373,449,198,248
469,54,345,102
75,310,468
457,422,347,312,26,222
144,196,80,155,207,430
224,376,100,204,282,298,245,270,355
46,205,87,108,401,54,289,95
61,248,489,229,59,175,93,257,395
168,447,40,391,218,242,410,362,94,103
34,121,184,343,323,242,1,452,18,460
119,398,456,186,137,250,286,467
67,477,154,448,228,164,478,352,122
272,27,62,318,393,397,266,111,37
372,492,179,324,7,225,129,450
389,483,301
172,194,303,87,108,401,54,289,19
27,359,226,409,305
499,94,367,50,383,58,306
369,56,82,58,306
218,242,410,63,246,155,260,458
388,91,99,232,413,370,142,239,327
126,364,159,229,38,86
450,364,223,98,462,13,426
487,14,291,231,217,403,170,456,378
290,120,301,264,213,68
442,83,197
21,181,290,120,61,248,489,444,509,387
261,389,483,180
82,58,230,442,165,171,288,35
120,61,248,489,329,153,122
219,419,106,170,424,56,82,166
445,416,321,334
81,344,406,371,364,185
170,424,56,91,202,115,235,128,41,454
376,24,475,455,60
64,254,324,7
305,184,343,124,304,163,100,491
356,208,477,154,249,59,175,246
64,464,336,380,360,479,94,318,386,44,55,45
431,360,479,73,325,58,477,154,448
432,365,90,82,58,477,154,249,59,475
369,22,229,316
394,500,238,418,228,367
387,268,209,331,310,28,269
20,110,289,19,62,318,153
433,270,355,69,236
495,265,25,364,185,257
112,45,130
304,450,129,408,441,160,83
314,266,223,98,462,13,114
205,87,108,401,272,27,62,318,386,44,23,172
155,149,293,423
205,87,108,226,235,128,191,384,433
92,321,377,44,23
28,268,91,99,232,471,111,37
400,269,315,234,129,237
487,238,83,264,382,499,94,404
356,208,477,154,448,228,367
343,323,242,1,273,72,363,326
185,424,56,82,360,479,73
76,177,500
1,413,407,261,389,483,8
245,270,22,229,316
275,279,31,183,474,373,449,198
129,450,455,60,266,172,434
289,19,62,318,170,433
43,429,87,108,226
198,248,406,371,364,185,439
431,360,479,94,404,22,397,266
149,415,298,380,78,190,83
454,331,310,410,71,371,364,185
182,128,41,454,331,310,28,484
499,165,392,484
48,352,87,108,401,54
83,264,382,179,324,7,72,363
107,215,498,129,450,504
110,289,19,62,242,1,307,461,409,305
426,244,273,157,61,248,489,358
303,87,108,401,272,27,62,318,386,44,23,172
406,4,186,290,120,61,248,470
459,361,299,315,234,292,503
452,150,251,142,239
318,393,397,266,111
312,218,242,1,413,262
198,333,359,457
412,420,146,99,232,413,481,84
286,467,204,282,298,380,78,56
180,449,408,150
497,198,248,406,4,186
472,6,492,179,324,7,72,363,429,285,69,104
157,61,248,489,214,187,34
251,480,487,14,291
65,110,289,95,162,340
282,298,17,449,198
480,487,14,291,324,7,72,265,348,183,474,262
93,257,24,475,506,420,146
158,159,229,38,86,108
214,187,34,480
113,477,373,449,115,385
228,164,311,212,369
316,67,477,154,448,49
424,56,82,58,230
292,190,83,123
336,380,360,479,422,347
9,496,417,137,26
512,305,209,230,442,165,392
283,424,56,91,459,81
357,273,72,363,429,87,108,401,272,27,62,486
134,220,67,4,170,424,56,82,156
99,232,413,354,75,310,28
419,312,218,280,316,12
245,270,350,265,348,183,474,262
381,428,267,273,72,265,142
301,264,382,499,234,17,414
342,315,234,439,304,282,9
448,369,22,229,38
354,471,111,170,456,186
27,364,159,229,507,30,97
96,2,369,181,240,224
233,271,496,280,25,13,20,423,37
428,411,416,268,91,202,115,385
438,61,248,489,358,127,242,1,413,481,314
167,394,500,424,56,82,58,477,154,448,49
207,430,11,187,307
245,270,22,397,266,172,434
48,45,311,40,506
416,268,91,99,232,413,354,6,2
123,400,322,429,223,98,462
24,475,507,30,287
278,374,155,149,204
495,265,321,377,243,293
237,194,418,228,164,478,391,218,280,25,231
140,158,99,232,413,236
153,468,180,449
120,61,248,406,371,364,334
267,477,154,448,228,164
72,265,25,163,100,204
28,269,315,234,439,251,480,253,512
333,8,274,288,390,92
35,59,318,386,44,23
325,375,490,185,257,395,119,116
265,25,13,20,238,418,228,367,50
330,366,452,230,85
276,153
87,108,401,272,27,184,343
47,233,271,496,298,380,360,42
447,40,506,420,405,222,131,497
27,62,242,1,413,407,261,389
275,102,446
7,362,94,446,506
401,54,289,19,274
27,359,226,276
133,24,475,407,261,494
403,170,456,319,197,259
366,452,230,85,179,324,7,72,265,211
281,245,421,276,210,145,309
11,187,34,243,500
376,100,204,282,298,380,360,479,94,446
8,508,366,286,467,204,105
12,119,398,456,186,109
120,61,248,489,245,270,22
168,447,40,391,248
432,415,298,380,375,490
323,242,1,452,230,405
375,9,55,45,311,129,175,246
224,376,100,392
82,360,130,96
13,20,110,289,95
500,238,83,264,382,499,458,380,78,190
16,86,468,180,356
126,484,225,129,451,281,452
66,8,508,366,452,230,442,165,392,24
327,211,318,386,44
466,429,87,501
436,500,238,418,119
344,406,371,364,372,492,179,324,7
327,198,248,489,329,324,297
475,506,411,364,372
51,392,38,188,74
125,17,422
165,171,134,220,67,477,154,396
319,197,451,435,496,280,508,366,82
161,120,61,248,406,275
425,151,324,7,225,129,450,455,260
393,397,266,172,194,303
144,45,311,129,215,51
371,364,372,492,179,324,95,87,108,401,230,85
70,72,265,348,183,474,255,349,207
31,503,58,225
179,324,7,72,265,348,183,474,373,449,408,441,160
331,310,28,269,315,234,157,61,248,406,29
500,424,25,13,426
219,75,323,242,1,273,72,363,429
399,152,457,100,204
7,72,363,429
23,427,403,170,374
313,6
434,412,273,388,91,459,361,106
336,380,412,273,157,247
445,416,268,91,202,180,449,408,441,160
354,121,184,115,280,508,366,286
323,242,1,273,157,61,248,489,245,270
474,373,449,115,338,181
167,394,500,410,63
421,78,190,221,281,452
9,340,478
452,230,153,122,60
509,387,268,91,48,45,311,212
216,162,340,227,284,309
508,366,286,487,189,109
240,22,397,266,256,270,355,191,384
217,268,91,99,232,471
479,94,62,242,1,273,72,363
206,58,477,241,271,496,277
506,418,228,200
206,457,422,192,270,22,397,79,107
481,422,192,270,22,359
296,417,267,273,72,265,25,13,365,252
279,155,260,458,380,78
44,17,422,376,100,491
371,364,223,98,122,186
229,59,475,407,332
145,457,422,192,406
311,310,28,484,171,288
18,460,234,300,467,49
4,170,424,56,91,202,180
491,289,19,455
472,148,394,500,238,418,228,200,358
24,475,455,213,313,208
506,420,405,14
191,384,444,509,387,268,508,366,452
474,373,449,198,248,489,229,507,30,97
44,55,45
199,384,253,330
267,477,154,448,228
261,389,483,8,146,99,232,413,481,422
65,481,422,445,416,268,91,99,232,471
1,273,157,61,248,406,371,364,334
166,208,477,154,249,59,175,246
458,435,496,280,508,366,452,510
207,156,148,394,500,510
193,47,233,271,94
372,492,179,324,95,162,340,166,39,12
255,240
161,120,61,248,489,444,509,387
456,186,137,250,286,467,203
17,354,471,111,195,477,154,448,49
500,238,83,264,382,499,165,171,288,497
62,318,153,236,16
157,221,281,452,510
496,417,182,228,367,50
360,42,12,278
120,61,248,489,444,509,387,268,296
430,11,58
56,91,202,115,280,64,254,466
452,18,460,234,157,61
96,405,222,85,364,159,177
89,143,271,94,103
366,452,150,362,94,367,50
27,62,242,1,413,354,6
326,348,44,23,172,194,418,228
15,92,321,474,373,449,115,235,128,41,375
409,305,209,193,232,413,481,314,266,223,98,462
371,364,73,325,375
466,429,87,108,401,230,405,222,131
229,38,188,74,195,477,241,271
113,477,373,449,408,441
113,477,241,271,496,280,25,231,217,403
161,404,505,6
498,129,336,380,375,205
71,371,364,372,492,179,94,318,386,44,55
54,43,164
143,271,496,417,267,273,157,61,248,489,238
34,9,132
197,259,143,80,214
383,73,413,354
278,56,91,202,115,338
188,74,195,477,154,396,321,21
285,69,95,162,340
248,489,358,81,105,485
349,207,430,405,222,490,185
300,193,232,413,481,314,266,223,98
369,22,229,507,30,25,231,217,403,308
88,58,230,442,136,328
259,511,113,477,154,303
280,25,231,217,268,91,99,232
113,477,154,249,59,397,266,223
324,95,87,108,401,272,27,62,318,393
175,93,257,395,352,49
190,221,271,496,417,267,273,388,91,48
40,391,218,280,508,366,286,210
382,499,458,380,78,190,148
304,450,455,308,64
53,392,24,475,507,30,15
271,496,280,25,13,20,423,37
353,182,228,164,478,352
263,301
501,307,428,411,213,313,340,227
456,55,45,311
410,67,287
57,361,106,158,99,232,471,111
434,100,204
487,189,450,216,501
240,224,376,100,204,206
490,55,446,464,336
342,315,234,439,413,481,314,266,111
398,346,496,417
211,318,386,44,23,172,194,303
305,161,404,22
401,361
238,418,228,164,387,268,46
472,6,492,179,324,7,72
333,8,48,352,87,108,458,380
297,83,264,382,179,324,95
9,55,379,136,80,155
239,208,477,241,271,496,417,137
24,151,324,95,493,138
209,230,442,136,80,130
493,197,259
209,193,232,413,481,422,376,100,491
484,225,422,376
222,85,484
420,405,222,490,185,257,395,12
207,156,148,394,500,116
257,395,119,398,439,413,354
398,217,268,91
220,67,477,154,62
72,363,429,285,200,169
428,411,213,313,208,477,154,249,110
388,91,99,232,157,61,248,489,245
239,327,127,242,1,413,407
420,405,222,85,369,80,130,96
331,355,455,226
338,206,123,115,280,508
376,100,204,366
132,143,271,496,417,267,273,72,363,429,285,69,104
385,338,80,400,57
469,54,289,319,197,423,37
318,386,44,55,379,136,80,155
309,265,25,231,217,268,91,99
190,221,271,496,417,459,361
365,90,82,58,477,241,271,496,417,137
128,41,247,359
420,405,222,189,109
137,195,477,241,271,496,280,25
261,389,483,8,148,394,500
158,159,229,59,475,506,420,405,222
503,58,477,465,337,323,242
401,272,27,62,434
242,1,413,354,6,2
6,492,179,324,7,72,363,394,52
290,120,496,280,508
214,187,307,461,451,281,452,45
248,489,229,59,175,93,257,395
431,360,93,257,395,4,200,358,81
26,222,85,364,100,279
166,208,477,241,271,496,298
284,112,45,289,319
435,331,453,511,251,480,487
328,325,58,477,154,304,214
390,92,321,474,373,449,408,441,160,72
19,282,298,380,360
352,87,108,401,54,133
444,509,387,268,91,202,115,338,181
301,264,77,435,496,417,267
400,269,315,234,157,61,248,406,275
94,318,170,456
320,346,304,163,352,49
400,86,108,458,380,360,479
68,200,358,127,242,1,273,72,363,429,285
55,446,464,336,380,360,479,94,103
451,281,452,230,405,425
475,407,249,59,397,79
14,291,231,217,268,60,121
180,430,135,459
401,272,148
17,354,75,310,410,43
451,168,447,40,506,411,31,183
232,471,111,195,477,373,449
409,401,272
318,386,44,55,128,476
93,257,395,119,398,439,251,480,487,14,291
452,150,251,472
6,492,179,94,318
193,47,449
362,94,446,464,336,380
425,151,324,95,87,108,321,21
413,481,422,192,406,29
344,406,4,170,135
147,95,162,340,166,208,477,373
315,234,129,175,93,257
22,229,38,86,108,401,230
275,279,392,24,475,407,332,417
398,439,251,240
272,27,62,318,393,34,243,293
120,61,248,489,58,477,241
272,27,62,242,410,289
261,389,483,501,307
302,251,240,224,376,100,204
411,416,268,508,366,452,230,405,222,131
177,500,116
393,360,93,257,395,119,75
232,413,354,75
487,14,291,324,95,162,127
360,479,94,103,2,202
252,186,290,120,61,248,489,329,324,7,72,363
372,492,179,324,95,493,197,259,511,251,480,253
323,242,1,413,481,314,266,312,320
211,318,386,44,23,427,403,497
225,129,175,189,109
311,129,450,455,213,313,208,477,154,396
239,129,450,216,79
67,4,88
108,226,276,210
87,108,458,435,438
369,181,436,370
301,264,77,435,331,310,138
345,102,64,464,336
154,448,228,164,311,212,412
130,164,478,391,218,280,316,12,244
44,55,45,311,129,175,93,257,395
342,386,44,55,128,41,202,180,356
65,481,314,266,223,127,242,1,273
238,418,228,164,478,391,218,242,410,362
148,394,500,238,83,123,115,235,128,191,384,444
404,22,229,507,30,97,116,342
480,256,86,468
250,286,467,204,366,452,230,442,15
346,304,450,455,226,235,128,191,384,444
125,17,422,192,406,4,186
93,257,395,119,75,94,117
326,348,183,474,255,349,454,378
298,245,270,22,397,79,107
230,404,22,397,266,312
249,195,477,241,271,496,280,508,366,286,467,203
288,498,334
173,290,120,61,248,489,58,477,154,448,151
182,128,191,384,315,219
409,305,184,115,280,64
474,373,449,408,441,160,72,265,348
85,369,181,290,120
82,58,477,241,271,496,280,64,254,466
63,246,155,149,204,161,317
309,265,25,13,20,423
398,439,413,354,75,94
354,424,56,91,99,232,476
451,281,245,467,204,282,378
266,223,98,462,13,171,134
504,498,101,203,274
437,489,245,472
477,154,303,87,108,226,322
445,416,268,91,99,232,413,481
41,454,331,310,410,362
41,454,331,310,410,67,477,154,249,59,475
388,91,202,487,14,291,231,217,403,497
177,500,238,418,228,164,311,212
335,160,83,264,382,499,94,404,22,229
240,22,397,39,12,441
496,417,182,133,304,163,100,491
404,22,229,59,475,455,213,313
32,90,89
479,94,367,509
36,337,323,242,1,273,157,61,248,489,444,509
265,25,13,171,122,447,40,506,420
61,248,406,4,170,433,375
157,478,391,209,193
327,198,248,489,245,168,447,10
391,218,242,1,273,388,91,99,232,471
105,485,497,198,60
77,435,496,417,137,26,222,405
128,41,375,9,340,227,284
390,485
346,304,450,129,175,246,155,149,415
70,100,491,442,66
353,436,370,142,239,327
362,441
159,229,59,175,93,257,395,119,398,341
471,111,404,22,124
143,271,496,417,267,273,72,363
411,416,268,91,202,115,235,128,191,17,414
21,181,290,120,301,264,382,499,165
69,95,493,197,451,168,178,53
492,179,324,7,66
395,4,186,109,44,23,427
77,217,268
378,509,387,268,91,459,361,106,170,456
93,257,395,4,170
327,198,248,489,245,168,447,40,391,218
143,31,183,474,373,411,213,313,340,227
203,86,228,164,478,391,218,242,1,413,481
60,121,28,269,315,219
28,269,315,210
364,75,310,28
112,45,311,205,87,108
198,251,480,438
151,324,7,72,363,394,500,238,418
5,344,406,4,88,476
363,429,87,173,290,120,61,248,489,214,187
51,179,94,404,22,397,266,172
422,192,406,4,186,290,120,301
441,160,72,265,25,231,217,268,91,459,361
78,190,221
417,267,477,241,271,496,280,64,464
176,250,286,467,204,282,298
477,465,337,323,242,1,307,461
211,59,175,189,498,101,240
48,45,311,129,408
280,508,366,452,18,460
403,170,456,188
240,22,397,266,223,98
3,388,91,202,115,280,508,366,452,230,405
18,460,234,157,61,248,489,358
318,386,44,55,379
476,510,17,354,121,184
355,455,226,235,128
189,257,395,4,200,258
369,311,205
61,248,489,58,477,373,449,408
160,72,265,25,231,217,403,170,456
273,72,363,429,87,108,401,272,27,62,486
340,166,208,477,241,271,496,417,267,273,388,91
137,195,477,465,337,323,242
128,41,202,180,142
312,320,346,304,163,119,398,341
371,364,223,127,242,1,413,481,422,192
491,174,17,422,376,100
213,313,32,373,411,416,268,91,202
301,264,382,499,165,192
303,87,108,401,272,27
162,127,242,1,273,72,363,429,291
170,424,56,82,58,477,373,449,408,441,160,224
10,164,422,192,270,22,229,507,30
322,429,87,173,314,432
201,41,454,331,310,410,362,94,103
319,197,259,143,80,214,187
245,270
71,371,364,372,492,179,324,297,83,264,382,499
476,61,248,406,4,421,276,210
337,323,242,1,273,388,91,99,353,145
108,458,380,360,42
52,91,202,115,280,64,464,336
210,385,86,228,367
322,429,138
177,500,238,418,228,164,311,212,436,344
408,441,160,72,265,25,13
76,35,59,475,407,261,389
100,491,217,403,170,433
173,290,120,301,264,382,499,165,171,351,341
313,208,477,154,303,87,108,158
219,75,94,404,22,229,59
15,320
73,342,386,44,23,172,353,145
373,411,416,268,91,99,232,413,481
302,251,480,45,289,19,274
503,58,477,154,249,59,318,393
478,352,324,297,83
288,498,129,450,455,213,313,208,477,465
13,20,423,37,469,53
8,508,366,452,230,442,136,167
111,195,477,154,304,163,100,491
241,271,496,417,267,477,465,234,439
295,56,91,459,361,106
409,305,189,450,455,226,473
509,387,268,91,202,115,280,64
204,366,286,467,203
64,464,336,380,360,479,94,404,22,229
201,294,72,265,348
316,12,455,226,276,210
236,217,403,170,309
122,447,40,391,248,489,58
74,195,477,465,337,323,483
182,133,304,282,298,284
293,422,192,270,22,229,38
23,427,300,193,47,105
336,61,248,406,4,421,276,210
509,387,268,91,202,487,318,386
164,311,129,450,455,213,313,368
480,487,189,450,364,100
232,471,111,195,477,154,249,110
33,506,411,213,313,66,8
503,480,487,189,498,101
425,151,324,7,72,265,25,231,217,268,91,202,180
321,474,373,449,115,235,409,305,209,193,47,440
13,171,134,220,67,4,170
300,313,208
113,477,154,249,59,318,393,34
487,238,83,264,382,499,94,103,2
280,64,464,336,380,375,112
5,344
193,47,233,271,496,417,267,273,72,363,429,285,69,104
370,292,503
33,169,329,153,122,447
252,186,290,120,61,248,489,229,59,475,407,261
68,200,358,127,242,410,63,92
70,332,417,137,26,222
111,195,477,154,448,49,423
43,393,458,380,78
271,496,417,267,477,154,249,59,475
281,245,421,128,41
123,400,269,315,234,439,413
372,492,179,320,346
354,6,492,179,324,95,162,497
219,75,323,242,1,413,481
261,480,487,238,418,228
339,371,364,223,127,242,410,63
41,202,115,338,181,104
506,411,416,268,508,366,286
151,324,95,493,197,451,435,496,417,267
393,397,266,223,127,242,1,273,157
58,477,241,271,496,298,380,78,113
346,304,163,100,279,426
165,171,134,148
371,364,159,229,507,30,333
363,429,87,108,401,272,27,205
354,75,323,242,1,452
260,458,380,360,479,73,18
274,478,391,218,242,410,67,477,241
330,498,101,240,429
378,509,387,268,209,331,310,28,484
172,194,418,228,164,422,445
146,135,230,442,136,174,17
248,489,229,59,475,506,420,146
89,143,271,496,417,267,273,388,91,202,180,356
149,124,304,450,455,226,146
312,245,270,355
455,213,68
29,90,82,166,39,12,244
265,348,183,474,373,449,115,235,409,305
296,487,140
150,422,304,282,298
54,289,95,87,108,158,159
118,465,234,300,193
477,154
322,429,87,108,158,99,232,413,481,422
455,213,313,208,477,465,234,439
10,164,478,391,218,242,410,63
64,464,162,288
429,87,173,163
284,279,392,24,502
57,18,460,76,69
424,56,82,58,477,154,303,87,108,401,272,27
168,447,10,164,311,129,450,216
71,371,364,185,257,395,12
488,398,439,413,354,6,2,369
217,403,170,456,319,494
450,129,175,189,109
19,62,486,245,270,22,124
101,240,22,229,507,469
195,477,154,249,59,397,266,172,194
88,476,61,248,406,4,126
235,409,305,209,193,232,413,407
490,185,261,389
357,273,72,363,429,87,108,401,272,27
64,464,336,380,78,190,221,281,452,150
170,456,446,464,336,380,78,493
508,366,286,225
338,181,436,370,142
385,311,40,506,411,31
2,325
196,289,95
91,202,115,385,86,399
510,12,244,76,425
508,366,452,230,85,410
337,197,451,435,496,280,508
350,265,348,183,474,373,449,198,251,480
67,477,154
427,403,436,344,406,4,421
492,179,324,297,83,123
182,319,197,259,143,88
499,94,62,486,245
325,58,477,241,271,496,280,508
417,267,273,161,317
51,424,320,346,304,163
280,373,449,115,235
166,208,477,465,337,197,259,511
264,323,242,1,452,150
422,192,406,275
121,184,343,323,242,1,413,481,422,347
489,58,477,373,449,408,441,160
381,428,411,416,268,91
323,242,1,452,230,442,136,174
102,64,225,331,310,468
12,406,371,364,223
47,449,408
215,302,251,480,487,14,291,231,217,403,170,263
353,182,509,387,268,296
322,429,87,108,401,48,45,311
313,208,477,154,448,228,361
25,377,243
437,489,245,270,22,397,266
467,203,86,228,164,311,205
369,56,91,99,232,476
468,180,449,115,385,311,212,412
179,94,446,506,420,146
229,59,475,455,291,139
320,346,304,163,119,398,252
135,297,83,264,382
504,421,78,113,299
196,83,264,382,499,246,277
78,56,82,166,208,263,443
402,477,154,249,195,166,39
12,278,374,155
11,340,166,451,281,245,421,276
376,100,204,282,378,425
261,389,483,8,48,45,311,40,506
460,234,129,336,380,360,42
388,91,202,487,14,291,231,217
149,415,298,109,44,55
283,487,238
186,290,120,61,248,489,245,472
467,203,149,415
4,272,27,184,343
505,391,251,83
157,478,352,87
128,41,202,115,235,409
118,465,337,30,25,13,20
74,195,166,39,12,244
254,36,337,323,242,410,482
61,248,489,358,127,242,1,273,435
229,59,475,455,260,458,380
45,289,19,314
230,85,364,159,177,500
313,368,196,80,400
151,324,7,72,265,25,231,217,403,170,347
413,481,422
183,474,373,449,115,161
436,383,423,37,469,53
159,229,507,30,25,231,217,403,170,263,438
484,225,129,450,455,213,313
291,231,217,268,91,99,216
206,58,477,241,271,496
364,73,18,460,76,425
391,218,242,1,273,72,363
24,475,455,213,313,32
247,359,226,409,305,209,193,47
44,55,281,245
211,318,153,122,60,121
55,45,337,323,242,1,273,388,91,459
447,40,506,420,405
55,45,311,129,450,455,213,313,368,71,371
386,44,55,45,311,129,175,93,257
200,358,183,498,101,240
369,22,229,59,175,189,498,101
196,80,155,149,293
435,331,310,410,67,4,421
116,471,10,164,478,352
466,429,223,98,462,13,171,134
106,158,159,177,500,238,83,264,382,499
181,290,120,61,248,489,329,153,122,152
18,460,234,129,450,455
408,441,160,72,265,25,231,217
440,221,281,452,230,442,165,171,351
395,119,75,94,367,50
57,361,238,83
328,325,58,477,241,271,496,277,505,6
100,392,24,475,455,226,322
495,265,348,183,474,373,449,115,235,128,191
286,467,203,86,228,367,50
230,442,15,327
219,75,94,446,464,336,380
173,290,120,61,248,489,229,59,175
366,286,487
329,324,95,87,173,290,120,61,248,406,4,126
416,268,91,202,115,280,64,278
253,330,366,452,18,460
136,174,17,422,376
499,165,171,134,220,67,4,200
292,190,83,264,77
502,460,234,439,251,480,487,14,291,231,217,403
509,387,268,91,99,232,413,354
178,507,30,25,231,267,273,157,61,248
389,189,109,44
259,511,251,480,487,14,233
352,87,108,158,267,273,388
431,360,479,94,62,242,410,43,463
89,173,196,289,19,317
281,452,150,422,192,406,453
390,376,100,204,161
390,229,59,397,266,172
194,418,228,462,13,171
280,508,366,452,150,362,94,318,386
279,155,260,458,380,193,47
269,315,219,75,310,410,102
376,100,491,442,165,171,122
269,315,72,363,429,285,69,104
352,87,108,226,473,441
414,375,490,185,257,395,292
442,165,192,270,350,265,348
445,416,268,91,48,352,87,108,226
308,64,464,336,178,507,30,97,116
259,143,271,496,417,267,273,72,363
223,127,242,410,27,359
333,359,226
335,272,27,62,318,386,44
363,429,87,108,401,379,136,80,130,96
21,181,240,155,260
142,487,257,395,119
191,17,414,116
171,122,60,266,256,270
459,361,106,158,99,232,413,481,314,266,172,434
334,417,267,273,157,61,248,489,358,127
484,171,122,60,266,111
89,436,383,58,477,154,249,59,175,93
491,217,403,170,374
1,307,428,17
302,47,233,271,496,277,339
285,75,310,410,67,477,154,448,228,164
243,500,116,342
495,265,211,59,397,266
368,71,371,364,373,449,115,235,128,41
364,372,492,179,324,7,225,129,450,216
126,182,128,191,17,354
438,462,109,44
49,336,380,360,93,257,395,119,75
296,417,267,273,157,61,248,489,245,168,447
274,288,498,37
83,264,382,499,94,404,22,229,59,175
265,25,231,217,268,91,202,487
173,290,120,61,248,406,4,272
472,225
382,499,94,404,140
152,457,422,445,416,268,91,99
329,153,122,447,40,337
3,388,91,99,232,413,370,142
216,23,427
36,465,234,439,251,480
63,246,277,505,391,248,489,358
440,221,271,496,298,380,193,47,233
172,194,303,87,108,226,473
146,99,353,270,22,229,38
261,389,483,8,234,17
508,366,452,230,85,179,324,95
370,142,422,192,406,4,421,276
335,193,47,445
17,354,75,323,242,1,307,428,70
347,312,245,337
325,58,230,442,165,171,43
451,281,452,18,144
113,299,315,234,439,413,481
92,321,377,54,289,19,282,298
467,203,86,228,200
194,418,228,164,478,391,447,10
318,386,44,23,172,194,303
38,86,108,401,272,152,457,252
241,287
189,450,455,213,313,61
509,458,380,360,93,257,395
353,182,228,164,269
165,192,270,22,229,507,30,97,116
86,108,158,99,353
3,388,91,48,45,311,40
215,362,94
183,474,373,411,31
121,184,343,124,304,163,119,116
84,58,477,154,249,195,166,451,281
389,483,8,48,352,324
261,480,487,238
358,430,405,222,490,185,257,395,119,398
102,64,464,336,380,78,493,239
56,82,360,479,94,318,393,34
377,225,129,450,455,60
