0.03563833236694336
0.013828754425048828
0.05078554153442383
0.04993796348571777
0.06704998016357422
0.05284595489501953
0.006241798400878906
0.04257702827453613
0.02201056480407715
0.05407428741455078
0.027040481567382812
0.06302165985107422
0.05776643753051758
0.003323078155517578
0.0265352725982666
0.012145757675170898
0.06146883964538574
0.00037980079650878906
0.043250322341918945
0.0563356876373291
0.012003898620605469
0.06208467483520508
0.011751413345336914
0.016550779342651367
0.03634309768676758
0.022800683975219727
0.03216671943664551
0.05333375930786133
0.06352400779724121
0.030061960220336914
0.026334047317504883
0.022668838500976562
0.0017590522766113281
0.05036139488220215
0.004019021987915039
0.04965400695800781
0.04735970497131348
0.009898662567138672
0.03112959861755371
0.020049571990966797
0.02261662483215332
0.02978992462158203
0.059409141540527344
0.052832603454589844
0.025377511978149414
0.026741743087768555
0.01620173454284668
0.0312039852142334
0.06034564971923828
0.01623058319091797
0.07415533065795898
0.019849777221679688
0.03854084014892578
0.024719953536987305
0.0009241104125976562
0.04780459403991699
0.012108087539672852
0.05621647834777832
0.04383563995361328
0.012973308563232422
0.02441859245300293
0.015094280242919922
0.023978710174560547
0.04227447509765625
0.007050037384033203
0.04848289489746094
0.03195905685424805
0.02032303810119629
0.03779935836791992
0.05287575721740723
0.012656211853027344
0.05023598670959473
0.058501243591308594
0.02533888816833496
0.05501079559326172
0.04379105567932129
0.0023996829986572266
0.0263059139251709
0.02987384796142578
0.06500864028930664
0.040830135345458984
0.0033779144287109375
0.011253833770751953
0.011084794998168945
0.032479047775268555
0.00946354866027832
0.03367280960083008
0.015141725540161133
0.04182839393615723
0.046634674072265625
0.011647224426269531
0.06801629066467285
0.05391812324523926
0.06428766250610352
0.031574249267578125
0.025964736938476562
0.03349161148071289
0.03766036033630371
0.007453203201293945
0.020583152770996094
0.04814624786376953
0.03647303581237793
0.07449841499328613
0.060707807540893555
0.05333137512207031
0.026292085647583008
0.05333280563354492
0.01697373390197754
0.0217435359954834
0.054006099700927734
0.05689048767089844
0.010704278945922852
0.018172025680541992
0.06553959846496582
0.015177488327026367
0.03981161117553711
0.041265249252319336
0.02775859832763672
0.012073040008544922
0.030816078186035156
0.026289701461791992
0.040575265884399414
0.0030536651611328125
0.0439608097076416
0.05611371994018555
0.05712175369262695
0.02768707275390625
0.05110025405883789
0.04435229301452637
0.02177739143371582
0.018719196319580078
0.02539205551147461
0.06337261199951172
0.06283283233642578
0.05777478218078613
0.03417563438415527
0.011609077453613281
0.06171393394470215
0.05160641670227051
0.04173851013183594
0.04681396484375
0.03551793098449707
0.04810357093811035
0.0073986053466796875
0.029160499572753906
0.02756524085998535
0.0464625358581543
0.021581649780273438
0.07421374320983887
0.06450200080871582
0.08402085304260254
0.09107279777526855
0.11580705642700195
0.031359195709228516
0.049524545669555664
0.08301758766174316
0.0812983512878418
0.06883001327514648
0.01632547378540039
0.0625145435333252
0.007233142852783203
0.006274223327636719
0.06477808952331543
0.06117534637451172
0.01729726791381836
0.0476384162902832
0.060239553451538086
0.004055976867675781
0.04441189765930176
0.023549795150756836
0.007497310638427734
0.04288935661315918
0.06209397315979004
0.027963876724243164
0.06585121154785156
0.03568553924560547
0.05895042419433594
0.050366878509521484
0.048906803131103516
0.02677178382873535
0.05720257759094238
0.03684067726135254
0.023847103118896484
0.052748680114746094
0.01813817024230957
0.03849387168884277
0.042383432388305664
0.019260883331298828
0.010651350021362305
0.02005314826965332
0.0662529468536377
0.001055002212524414
0.06618404388427734
0.032488346099853516
0.0641019344329834
0.014261722564697266
0.03301262855529785
0.027013301849365234
0.037866830825805664
0.017279863357543945
0.021256208419799805
0.06346726417541504
0.036235809326171875
0.045502424240112305
0.0198361873626709
0.008488893508911133
0.005075931549072266
0.04361295700073242
0.032846689224243164
0.011371135711669922
0.03818774223327637
0.055727481842041016
0.007153034210205078
0.02748250961303711
0.0008416175842285156
0.013833045959472656
0.04532647132873535
0.0051653385162353516
0.0018224716186523438
0.03085803985595703
0.006570577621459961
0.029526472091674805
0.03380322456359863
0.03126192092895508
0.04909801483154297
0.044229984283447266
0.06149744987487793
0.0026388168334960938
0.039972543716430664
0.05479121208190918
0.010085105895996094
0.013835668563842773
0.016007423400878906
0.011400461196899414
0.019788742065429688
0.025844335556030273
0.014758110046386719
0.08733749389648438
0.07483649253845215
0.043059587478637695
0.02531719207763672
0.050817251205444336
0.05407118797302246
0.008000850677490234
0.022632122039794922
0.010177135467529297
0.061405181884765625
0.08893799781799316
0.04842495918273926
0.060842275619506836
0.030503273010253906
0.006677865982055664
0.007825613021850586
0.07336115837097168
0.006968498229980469
0.02221393585205078
0.05052900314331055
0.04421424865722656
0.004061698913574219
0.027924537658691406
0.05602073669433594
0.06368255615234375
0.05457139015197754
0.0019893646240234375
0.04461050033569336
0.06882476806640625
0.0360867977142334
0.04774165153503418
0.04015374183654785
0.05274009704589844
0.06771636009216309
0.05467677116394043
0.0673666000366211
0.03673696517944336
0.041823625564575195
0.04075884819030762
0.055364131927490234
0.006677865982055664
0.01524209976196289
0.017003536224365234
0.012253284454345703
0.034636497497558594
0.04457521438598633
0.06682729721069336
0.05221676826477051
0.06910300254821777
0.027180910110473633
0.011279106140136719
0.009768486022949219
0.05866241455078125
0.04244422912597656
0.02327132225036621
0.03963589668273926
0.019257307052612305
0.0528719425201416
0.08357691764831543
0.08785271644592285
0.019794702529907227
0.04658079147338867
0.008534431457519531
0.014191627502441406
0.05167245864868164
0.02509784698486328
0.014069080352783203
0.0684664249420166
0.07075643539428711
0.020398378372192383
0.04155707359313965
0.06178784370422363
0.0756068229675293
0.0710148811340332
0.05053520202636719
0.009195804595947266
0.0809926986694336
0.08352398872375488
0.009979009628295898
0.05787777900695801
0.015498638153076172
0.07259345054626465
0.011742353439331055
0.017270565032958984
0.0644690990447998
0.01046609878540039
0.008789539337158203
0.0592806339263916
0.07407927513122559
0.01859569549560547
0.04998612403869629
0.008320093154907227
0.048307180404663086
0.05688738822937012
0.02941751480102539
0.021650314331054688
0.09526348114013672
0.0889897346496582
0.025394201278686523
0.1040947437286377
0.004876136779785156
0.07520890235900879
0.013776779174804688
0.0665593147277832
0.06994962692260742
0.0251615047454834
0.09040331840515137
0.04396963119506836
0.029416322708129883
0.011911392211914062
0.04218626022338867
0.048310279846191406
0.06678104400634766
0.005760669708251953
0.006540060043334961
0.03370857238769531
0.06760716438293457
0.013859272003173828
0.04102826118469238
0.03177952766418457
0.03726339340209961
0.05483675003051758
0.05475020408630371
0.06077742576599121
0.04401874542236328
0.05997276306152344
0.004437923431396484
0.010251522064208984
0.009232521057128906
0.015091896057128906
0.03074812889099121
0.06403827667236328
0.04319119453430176
0.018315553665161133
0.0035386085510253906
0.06843781471252441
0.016718149185180664
0.0469212532043457
0.0392305850982666
0.02269768714904785
0.062128543853759766
0.04334235191345215
0.042742252349853516
0.056452274322509766
0.04637908935546875
0.0027189254760742188
0.057116031646728516
0.024370670318603516
0.018423080444335938
0.05943441390991211
0.03192567825317383
0.03305339813232422
0.052184343338012695
0.04737997055053711
0.07703876495361328
0.021086931228637695
0.06170058250427246
0.04845380783081055
0.00437474250793457
0.06802034378051758
0.008670568466186523
0.03416776657104492
0.0354466438293457
0.06449532508850098
0.06683874130249023
0.026211261749267578
0.07710552215576172
0.005629777908325195
0.041242122650146484
0.06453418731689453
0.002393960952758789
0.04190230369567871
0.061653852462768555
0.029443025588989258
0.03434443473815918
0.03897452354431152
0.06170177459716797
0.03740239143371582
0.02783942222595215
0.03022313117980957
0.013429641723632812
0.021018028259277344
0.02696514129638672
0.04136180877685547
0.0074138641357421875
0.05469012260437012
0.052587032318115234
0.02137899398803711
0.0009598731994628906
0.030414819717407227
0.050772905349731445
0.05515456199645996
0.010828256607055664
0.03914284706115723
0.016388654708862305
0.016502857208251953
0.03271842002868652
0.02872490882873535
0.02602076530456543
0.04847097396850586
0.02233409881591797
0.041695594787597656
0.047223567962646484
0.025829553604125977
0.04586434364318848
0.022410154342651367
0.02024984359741211
0.05814647674560547
0.04387044906616211
0.03503060340881348
0.02643895149230957
0.02683711051940918
0.06865787506103516
0.02162933349609375
0.03439068794250488
0.03133893013000488
0.07210588455200195
0.04549360275268555
0.01661205291748047
0.057372331619262695
0.049901485443115234
0.0148162841796875
0.016333341598510742
0.003450155258178711
0.029543161392211914
0.020128488540649414
0.05078315734863281
0.00844573974609375
0.018459320068359375
0.05420041084289551
0.036457061767578125
0.04166150093078613
0.06237483024597168
0.034644126892089844
0.04415154457092285
0.0204470157623291
0.013108491897583008
0.027982711791992188
0.05631589889526367
0.0007958412170410156
0.0691535472869873
0.00798654556274414
0.022463083267211914
0.06936192512512207
0.00964045524597168
0.010259866714477539
0.0715939998626709
0.05042457580566406
0.0635981559753418
0.065521240234375
0.021949291229248047
0.052907705307006836
0.06416964530944824
0.03974509239196777
0.05386018753051758
0.04196953773498535
0.018644332885742188
0.022990942001342773
0.058486223220825195
0.0003750324249267578
0.048255205154418945
0.028287887573242188
0.034262895584106445
0.049784183502197266
0.026508331298828125
0.05763983726501465
0.0019123554229736328
0.07171320915222168
0.03151965141296387
0.009433984756469727
0.009505987167358398
0.04179096221923828
0.06435728073120117
0.056804656982421875
0.0596613883972168
0.02291417121887207
0.015869140625
0.03633737564086914
0.0017619132995605469
0.018707275390625
0.026461362838745117
0.038443565368652344
0.023926496505737305
0.013775825500488281
0.04114246368408203
0.010478496551513672
0.03721952438354492
0.027173995971679688
0.047152042388916016
0.06203031539916992
0.03776431083679199
0.045830726623535156
0.016104936599731445
0.03691411018371582
0.05459928512573242
0.011976003646850586
0.026155710220336914
0.0015878677368164062
0.026156187057495117
0.0421442985534668
0.04855608940124512
0.006556987762451172
0.029602766036987305
0.05710339546203613
0.004164695739746094
0.03969216346740723
0.011964082717895508
0.023592472076416016
0.018642663955688477
0.03966879844665527
0.04175543785095215
0.027260780334472656
0.0009276866912841797
0.0001914501190185547
0.006549835205078125
0.04888772964477539
0.03722643852233887
0.010241508483886719
0.021674633026123047
0.04131937026977539
0.05536031723022461
0.017218589782714844
0.05472135543823242
0.02420663833618164
0.04738140106201172
0.03415799140930176
0.01872110366821289
0.061914920806884766
0.025061368942260742
0.051589012145996094
0.06630730628967285
0.05656886100769043
0.04132413864135742
0.008614540100097656
0.010487794876098633
0.0557405948638916
0.05096173286437988
0.03856396675109863
0.019652366638183594
0.028119802474975586
0.04793381690979004
0.06136155128479004
0.01700139045715332
0.029767751693725586
0.04765772819519043
0.026899337768554688
0.008430719375610352
0.031922101974487305
0.04827713966369629
0.015559673309326172
0.006233692169189453
0.049704551696777344
0.05726337432861328
0.06242251396179199
0.04454922676086426
0.05147528648376465
0.00436854362487793
0.034644126892089844
0.08263993263244629
0.02452397346496582
0.0006363391876220703
0.04640650749206543
0.052835941314697266
0.0643002986907959
0.04832053184509277
0.0268552303314209
0.021576642990112305
0.032337188720703125
0.03873181343078613
0.07693767547607422
0.02436208724975586
0.06604361534118652
0.05683469772338867
0.05557560920715332
0.023903608322143555
0.05865597724914551
0.06365442276000977
0.02345752716064453
0.054514169692993164
0.00950002670288086
0.0012896060943603516
0.011268138885498047
0.0008866786956787109
0.015656232833862305
0.06008148193359375
0.0857858657836914
0.04900097846984863
0.021816730499267578
0.01450490951538086
0.06085801124572754
0.0176389217376709
0.0021440982818603516
0.030575990676879883
0.0017309188842773438
0.0328671932220459
0.03238081932067871
0.014554023742675781
0.04816770553588867
0.007152557373046875
0.05992579460144043
0.07373571395874023
0.04056715965270996
0.005461215972900391
0.032880306243896484
0.06309103965759277
0.06074810028076172
0.03678464889526367
0.004013776779174805
0.0316014289855957
0.05141258239746094
0.012488365173339844
0.0038347244262695312
0.0488896369934082
0.015482187271118164
0.020291566848754883
0.07994437217712402
0.010414361953735352
0.029289722442626953
0.03406047821044922
0.0250701904296875
0.04714703559875488
0.05914616584777832
0.061771392822265625
0.016447067260742188
0.030508995056152344
0.013723611831665039
0.04018807411193848
0.044402122497558594
0.01536703109741211
0.0548708438873291
0.0724034309387207
0.04781913757324219
0.049187660217285156
0.0061626434326171875
0.061519622802734375
0.04399394989013672
0.021017789840698242
0.00632166862487793
0.050159454345703125
0.02926182746887207
0.02526712417602539
0.022574186325073242
0.055585384368896484
0.06951427459716797
0.01041269302368164
0.03245377540588379
0.007132053375244141
0.038532257080078125
0.03447294235229492
0.062348127365112305
0.014477252960205078
0.020177364349365234
0.07878804206848145
0.054297447204589844
0.0018570423126220703
0.03209233283996582
0.06135368347167969
0.024681568145751953
0.008801698684692383
0.030755043029785156
0.06711816787719727
0.051497697830200195
0.015395641326904297
0.011329889297485352
0.0070536136627197266
0.012936115264892578
0.008913278579711914
0.03978371620178223
0.04300498962402344
0.027842283248901367
0.008851766586303711
0.05614018440246582
0.033172607421875
0.016093730926513672
0.0038781166076660156
0.0008080005645751953
0.025902271270751953
0.05205225944519043
0.02345728874206543
0.06071329116821289
0.011853218078613281
0.010947942733764648
0.06484341621398926
0.06293368339538574
0.013712644577026367
0.036017656326293945
0.030635833740234375
0.022398948669433594
0.04469442367553711
0.007699251174926758
0.005037784576416016
0.06755971908569336
0.021824359893798828
0.04799628257751465
0.058394670486450195
0.012644290924072266
0.01946234703063965
0.02761220932006836
0.054183244705200195
0.03765225410461426
0.02384805679321289
0.07596778869628906
0.06524372100830078
0.06948566436767578
0.022397756576538086
0.03881549835205078
0.07893824577331543
0.05454754829406738
0.002264261245727539
0.08894109725952148
0.05919170379638672
0.050327301025390625
0.07654452323913574
0.03286027908325195
0.012607574462890625
0.011850357055664062
0.04050302505493164
0.06790423393249512
0.020238637924194336
0.06039690971374512
0.03891921043395996
0.05871176719665527
0.051137447357177734
0.043535709381103516
0.03699898719787598
0.014008522033691406
0.011742830276489258
0.054038286209106445
0.0025625228881835938
0.08121180534362793
0.040596961975097656
0.021133899688720703
0.025038719177246094
0.01775050163269043
0.020513296127319336
0.05348801612854004
0.0258331298828125
0.03352689743041992
0.048079729080200195
0.005719423294067383
0.002115488052368164
0.060597896575927734
0.015183687210083008
0.00821375846862793
0.03185701370239258
0.040574073791503906
0.0433194637298584
0.03766608238220215
0.00036454200744628906
0.037233829498291016
0.0471034049987793
0.01797771453857422
0.017489910125732422
0.044074296951293945
0.019352436065673828
0.07275152206420898
0.050469398498535156
0.07780098915100098
0.0008335113525390625
0.06387925148010254
0.0488736629486084
0.013638973236083984
0.04147768020629883
0.042472124099731445
0.03325510025024414
0.07639002799987793
0.033078670501708984
0.050711870193481445
0.05370950698852539
0.05903983116149902
0.016710758209228516
0.056032419204711914
0.04684185981750488
0.014808893203735352
0.04526400566101074
0.06451153755187988
0.048371076583862305
0.020734310150146484
0.07245659828186035
0.023107528686523438
0.036948204040527344
0.034894704818725586
0.0011658668518066406
0.017688512802124023
0.05927133560180664
0.04216623306274414
0.005693674087524414
0.019187211990356445
0.00842142105102539
0.020898818969726562
0.020465850830078125
0.03192615509033203
0.05698227882385254
0.039678096771240234
0.018649816513061523
0.0077059268951416016
0.02975940704345703
0.028580188751220703
0.027107715606689453
0.0378870964050293
0.002139568328857422
0.0006563663482666016
0.020911693572998047
0.039316415786743164
0.06299805641174316
0.0286252498626709
0.03163337707519531
0.013107538223266602
0.019237041473388672
0.07858920097351074
0.06884479522705078
0.05353236198425293
0.03765153884887695
0.03962874412536621
0.00934910774230957
0.07165145874023438
0.004263877868652344
0.004910707473754883
0.046452999114990234
0.008509159088134766
0.12243342399597168
0.0505518913269043
0.05549740791320801
0.0395355224609375
0.044449567794799805
0.06595897674560547
0.03296232223510742
0.013686656951904297
0.06406569480895996
0.01581740379333496
0.0863809585571289
0.02133917808532715
0.0327913761138916
0.047922372817993164
0.06265568733215332
0.03629589080810547
0.05708646774291992
0.01658487319946289
0.03249502182006836
0.06507182121276855
0.04544353485107422
0.06838202476501465
0.0041544437408447266
0.029510498046875
0.02032637596130371
0.02090907096862793
0.025240421295166016
0.0745844841003418
0.08763909339904785
0.018406152725219727
0.04994058609008789
0.03007030487060547
0.02927541732788086
0.0469815731048584
0.045393943786621094
0.060950517654418945
0.031450510025024414
0.010892629623413086
0.07214069366455078
0.04425239562988281
0.05920839309692383
0.06336855888366699
0.07322573661804199
0.021480083465576172
0.020224332809448242
0.11535477638244629
0.093536376953125
0.032169342041015625
0.09068441390991211
0.04744434356689453
0.06070566177368164
0.033708810806274414
0.0014522075653076172
0.01590132713317871
0.009128808975219727
0.026540040969848633
0.03808426856994629
0.008085250854492188
0.02642655372619629
0.002735137939453125
0.001451730728149414
0.0012710094451904297
0.03590250015258789
0.03486943244934082
0.029951095581054688
0.017822742462158203
0.06404852867126465
0.0018532276153564453
0.025069475173950195
0.05368185043334961
0.05433320999145508
0.009572029113769531
0.0417327880859375
0.01854419708251953
0.014662504196166992
0.01411890983581543
0.04393267631530762
0.03296065330505371
0.0242002010345459
0.01594686508178711
0.03855323791503906
0.013672113418579102
0.0023698806762695312
0.06596541404724121
0.011916399002075195
0.07627010345458984
0.047063350677490234
0.03332662582397461
0.07228899002075195
0.047037601470947266
0.05051136016845703
0.05163145065307617
0.049942731857299805
0.08078598976135254
0.011239051818847656
0.07381653785705566
0.031580448150634766
0.038960933685302734
0.03480648994445801
0.06871581077575684
0.03708791732788086
0.012071371078491211
0.021590232849121094
0.05125880241394043
0.017370223999023438
0.037415266036987305
0.006723642349243164
0.04152536392211914
0.01197504997253418
0.0039255619049072266
0.01789116859436035
0.06441235542297363
0.05816507339477539
0.0754387378692627
0.04790019989013672
0.023272991180419922
0.03026580810546875
0.058585166931152344
0.01833963394165039
0.05426216125488281
0.038130998611450195
0.006841421127319336
0.016095638275146484
0.07848238945007324
0.03536486625671387
0.012857675552368164
0.0393061637878418
0.013473033905029297
0.0542905330657959
0.02978992462158203
0.021401166915893555
0.04887866973876953
0.06586384773254395
0.04214954376220703
0.06181073188781738
0.031854867935180664
0.041818857192993164
0.05093979835510254
0.002190113067626953
0.09018087387084961
0.04016828536987305
0.014523506164550781
0.09396052360534668
0.10211634635925293
0.09444904327392578
0.07570862770080566
0.05581235885620117
0.0593256950378418
0.06685757637023926
0.019417762756347656
0.027657508850097656
0.06244540214538574
0.027688980102539062
0.0016093254089355469
0.07436442375183105
0.040254831314086914
0.06171011924743652
0.03755640983581543
0.06136775016784668
0.022516965866088867
0.005863666534423828
0.039908409118652344
0.02830052375793457
0.017911911010742188
0.022581815719604492
0.07894754409790039
0.03146624565124512
0.02921915054321289
0.04653477668762207
0.03453373908996582
0.03390312194824219
0.04570651054382324
0.02713632583618164
0.022933006286621094
0.05276179313659668
0.07501482963562012
0.08890247344970703
0.036475419998168945
0.022077560424804688
0.06035900115966797
0.05797410011291504
0.03433394432067871
0.027587413787841797
0.02182936668395996
0.033715009689331055
0.026551485061645508
0.06068229675292969
0.02761554718017578
0.0599210262298584
0.007399082183837891
0.03285574913024902
0.05377793312072754
0.025454044342041016
0.0812833309173584
0.08974623680114746
0.07236623764038086
0.015661001205444336
0.08135414123535156
0.05972909927368164
0.06992459297180176
0.00580596923828125
0.02390003204345703
0.04983019828796387
0.06692314147949219
0.003069639205932617
0.04867386817932129
0.05903434753417969
0.017585039138793945
0.009150266647338867
0.0021903514862060547
0.018744945526123047
0.0512387752532959
0.05711722373962402
0.004654884338378906
0.07697272300720215
0.04516863822937012
0.014754533767700195
0.08812379837036133
0.03289651870727539
0.05412936210632324
0.05971980094909668
0.013015508651733398
0.028086185455322266
0.03197145462036133
0.01697826385498047
0.05375313758850098
0.020317554473876953
0.020285606384277344
0.03824806213378906
0.03675723075866699
0.02088141441345215
0.05490398406982422
0.04095768928527832
0.0334172248840332
0.026909828186035156
0.04040408134460449
0.07800555229187012
0.009556770324707031
0.07870149612426758
0.025807619094848633
0.04807448387145996
0.04244399070739746
0.05970263481140137
0.0737917423248291
0.0202481746673584
0.021472930908203125
0.04804229736328125
0.06808733940124512
0.040207862854003906
0.0402529239654541
0.04057431221008301
0.00417327880859375
0.05909609794616699
0.060501813888549805
0.0010089874267578125
0.019022226333618164
0.02158045768737793
0.02862715721130371
0.011687517166137695
0.017188310623168945
0.004355192184448242
0.06190204620361328
0.024402141571044922
0.0045888423919677734
0.016760826110839844
0.0023560523986816406
0.007020711898803711
0.0037331581115722656
0.01594066619873047
0.018659591674804688
0.003697633743286133
0.045636653900146484
0.0492396354675293
0.03594160079956055
0.04056549072265625
0.06345486640930176
0.03376483917236328
0.05507349967956543
0.06334900856018066
0.0399782657623291
0.049645185470581055
0.039026498794555664
0.059290409088134766
0.002823352813720703
0.0575101375579834
0.03281760215759277
0.04765200614929199
0.05274343490600586
0.014560937881469727
0.022005558013916016
0.011960506439208984
0.030798673629760742
0.0460047721862793
0.01592397689819336
0.05157613754272461
0.04149293899536133
0.019971132278442383
0.06926202774047852
0.012894630432128906
0.026953697204589844
0.044281959533691406
0.05954432487487793
0.017744779586791992
0.07849407196044922
0.06148481369018555
0.03353738784790039
0.002788543701171875
0.019463062286376953
0.06891417503356934
0.030963659286499023
0.01893758773803711
0.07997941970825195
0.05311942100524902
0.024937868118286133
0.04539918899536133
0.026958942413330078
0.015231132507324219
0.0562129020690918
0.06585383415222168
0.03824663162231445
0.033530235290527344
0.06177878379821777
0.03309035301208496
0.046833038330078125
0.019659757614135742
0.058214664459228516
0.05122542381286621
0.00238037109375
0.02253866195678711
0.007008075714111328
0.04563021659851074
0.039736270904541016
0.030040264129638672
0.06044578552246094
0.05818367004394531
0.05083107948303223
0.02547621726989746
0.0451807975769043
0.0506739616394043
0.007978439331054688
0.052811622619628906
0.07048654556274414
0.046939849853515625
0.02071547508239746
0.019408702850341797
0.022091150283813477
0.02372121810913086
0.020338773727416992
0.05299258232116699
0.023046016693115234
0.007513761520385742
0.04112577438354492
0.03569340705871582
0.001148223876953125
0.06496071815490723
0.06457161903381348
0.05524873733520508
0.04263496398925781
0.015806198120117188
0.016466140747070312
0.04554295539855957
0.06713461875915527
0.048374176025390625
0.00581049919128418
0.05376386642456055
0.011180877685546875
0.0702979564666748
0.039435386657714844
0.0655527114868164
0.0514678955078125
0.0067136287689208984
0.03649330139160156
0.04514288902282715
0.014391660690307617
0.03423142433166504
0.06413531303405762
0.018002033233642578
0.038599252700805664
0.03127789497375488
0.01961064338684082
0.031101465225219727
0.003379344940185547
0.005435466766357422
0.050498247146606445
0.04604530334472656
0.0352175235748291
0.032419681549072266
0.0375361442565918
0.049803972244262695
0.05580949783325195
0.05729079246520996
0.03876924514770508
0.04800128936767578
0.01613903045654297
0.0042345523834228516
0.039351463317871094
0.011858224868774414
0.054857492446899414
0.04124045372009277
0.02704620361328125
0.0787200927734375
0.05970406532287598
0.04383111000061035
0.03328275680541992
0.07020688056945801
0.013466835021972656
0.04299664497375488
0.012956619262695312
0.045867919921875
0.023493528366088867
0.04445910453796387
0.048606157302856445
0.03906822204589844
0.0789804458618164
0.03809213638305664
0.016823530197143555
0.0670781135559082
0.025647878646850586
0.047202110290527344
0.04000973701477051
0.028519392013549805
0.006566047668457031
0.002530336380004883
0.03606414794921875
0.0383608341217041
0.04626893997192383
0.04014897346496582
0.01367807388305664
0.027211904525756836
0.06959939002990723
0.054503679275512695
0.02869272232055664
0.08065080642700195
0.11597204208374023
0.05388903617858887
0.05050373077392578
0.015377283096313477
0.008051156997680664
0.023204803466796875
0.037932634353637695
0.0012629032135009766
0.05424094200134277
0.00672459602355957
0.025217056274414062
0.0633389949798584
0.047629356384277344
0.012535810470581055
0.04677867889404297
0.002716541290283203
0.020734310150146484
0.07754898071289062
0.044443607330322266
0.031406402587890625
0.007908105850219727
0.020874738693237305
0.02216339111328125
0.05417060852050781
0.014671564102172852
0.05544400215148926
0.04893350601196289
0.04454445838928223
0.06602692604064941
0.009429693222045898
0.06789803504943848
0.06411242485046387
0.08210206031799316
0.03063201904296875
0.01308298110961914
0.0082855224609375
0.08348655700683594
0.04368185997009277
0.0017015933990478516
0.03249335289001465
0.020661592483520508
0.0781698226928711
0.037676334381103516
0.020072221755981445
0.004080057144165039
0.04852294921875
0.05038738250732422
0.05929112434387207
0.007956504821777344
0.04605579376220703
0.028537988662719727
0.01746082305908203
0.05909252166748047
0.013653755187988281
0.06060481071472168
0.03769540786743164
0.03116750717163086
0.03729891777038574
0.0786123275756836
0.07526373863220215
0.08487319946289062
0.03470969200134277
0.011367321014404297
0.03264188766479492
0.0625009536743164
0.05313920974731445
0.0509343147277832
0.05751347541809082
0.04340505599975586
0.062395334243774414
0.038421630859375
0.10097813606262207
0.018294334411621094
0.07995462417602539
0.05075478553771973
0.04485893249511719
0.03700661659240723
0.02047586441040039
0.04306387901306152
0.0233917236328125
0.01311635971069336
0.03898882865905762
0.016297101974487305
0.06208944320678711
0.05779147148132324
0.04933905601501465
0.0535426139831543
0.06050753593444824
0.057168006896972656
0.007077932357788086
0.004379749298095703
0.028905868530273438
0.04743766784667969
0.07011532783508301
0.056963443756103516
0.0012764930725097656
0.045391082763671875
0.015311002731323242
0.003223896026611328
0.06429457664489746
0.01341867446899414
0.05960822105407715
0.051316261291503906
0.03430938720703125
0.030263423919677734
0.06423568725585938
0.01944732666015625
0.005487918853759766
0.005284309387207031
0.026279687881469727
0.036862850189208984
0.04326367378234863
0.0005817413330078125
0.050537109375
0.03166031837463379
0.04634523391723633
0.031215906143188477
0.038895368576049805
0.044640302658081055
0.054770708084106445
0.016409873962402344
0.05358409881591797
0.005755424499511719
0.012092351913452148
0.007740497589111328
0.04607033729553223
0.0007452964782714844
0.030652999877929688
0.047371864318847656
0.04638361930847168
0.030089616775512695
0.01229548454284668
0.025545358657836914
0.04568791389465332
0.04290366172790527
0.04877114295959473
0.058606863021850586
0.03162574768066406
0.041975975036621094
0.015317201614379883
0.0465395450592041
0.0006911754608154297
0.04547381401062012
0.06074261665344238
0.02928781509399414
0.05691218376159668
0.03545069694519043
0.05111217498779297
0.014035224914550781
0.00818181037902832
0.010088920593261719
0.02500295639038086
0.016182899475097656
0.01742243766784668
0.03750276565551758
0.06187939643859863
0.049639225006103516
0.031828880310058594
0.00822138786315918
0.03290224075317383
0.033927202224731445
0.013889789581298828
0.060581207275390625
0.014550447463989258
0.06620216369628906
0.006496429443359375
0.06620931625366211
0.025476455688476562
0.01120901107788086
0.0029990673065185547
0.057676076889038086
0.02981424331665039
0.014617919921875
0.023497819900512695
0.02877211570739746
0.005682468414306641
0.0076906681060791016
0.040352582931518555
0.060907602310180664
0.0014922618865966797
0.07925939559936523
0.010506629943847656
0.03828763961791992
0.054488420486450195
0.06781721115112305
0.03466629981994629
0.0845494270324707
0.08636760711669922
0.015207529067993164
0.01987624168395996
0.022905826568603516
0.054930686950683594
0.05287289619445801
0.06394052505493164
0.0699763298034668
0.08747744560241699
0.12513256072998047
0.04499459266662598
0.029822349548339844
0.08854007720947266
0.029661893844604492
0.08027505874633789
0.03470301628112793
0.025730609893798828
0.06177186965942383
0.05769515037536621
0.04040670394897461
0.02283930778503418
0.023432254791259766
0.05624890327453613
0.036176443099975586
0.04312944412231445
0.039467573165893555
0.024926185607910156
0.040839195251464844
0.06056356430053711
0.07325935363769531
0.06800603866577148
0.0701904296875
0.06127762794494629
0.019887447357177734
0.0676870346069336
0.05556821823120117
0.019341230392456055
0.05156850814819336
0.00568079948425293
0.06926870346069336
0.05895543098449707
0.06092548370361328
0.036093711853027344
0.09613823890686035
0.020714282989501953
0.03830122947692871
0.01670217514038086
0.06975460052490234
0.050019025802612305
0.04590129852294922
0.022575855255126953
0.06429600715637207
0.020453214645385742
0.0371088981628418
0.042888641357421875
0.03233170509338379
0.004798173904418945
0.0550689697265625
0.007432699203491211
0.007306575775146484
0.019023895263671875
0.01624441146850586
0.05172085762023926
0.03518819808959961
0.01479959487915039
0.02443385124206543
0.019544363021850586
0.022489309310913086
0.029968976974487305
0.021755218505859375
0.04730033874511719
0.01271677017211914
0.049401044845581055
0.015321493148803711
0.00984954833984375
0.03977036476135254
0.03470420837402344
0.08169245719909668
0.0006847381591796875
0.0495295524597168
0.043158769607543945
0.009938716888427734
0.02623724937438965
0.022345304489135742
0.029064416885375977
0.008687734603881836
0.03380632400512695
0.02551555633544922
0.06748032569885254
0.043077707290649414
0.06340289115905762
0.06578469276428223
0.05502486228942871
0.0400848388671875
0.005367279052734375
0.06748175621032715
0.057012081146240234
0.037456512451171875
0.01255655288696289
0.006735801696777344
0.01657581329345703
0.025488615036010742
0.0046236515045166016
0.027800321578979492
0.05201363563537598
0.009753942489624023
0.04588484764099121
0.01107478141784668
0.07076859474182129
0.027632713317871094
0.062155961990356445
0.018288612365722656
0.021079301834106445
0.03403592109680176
0.02570343017578125
0.04547381401062012
0.0243837833404541
0.0032422542572021484
0.03207278251647949
0.04957437515258789
0.037972450256347656
0.02622246742248535
0.047858238220214844
0.02185225486755371
0.023122549057006836
0.05105924606323242
0.028147459030151367
0.04516744613647461
0.05063581466674805
0.03247857093811035
0.04640626907348633
0.01632857322692871
0.05251264572143555
0.03486347198486328
0.021417617797851562
0.004286527633666992
0.01001429557800293
0.025278091430664062
0.022634506225585938
0.01586174964904785
0.05642390251159668
0.01918935775756836
0.061767578125
0.03221893310546875
0.0034770965576171875
0.002437114715576172
0.03741955757141113
0.0058841705322265625
0.002833843231201172
0.04516887664794922
0.013618230819702148
0.048261165618896484
0.04182887077331543
0.010899782180786133
0.026347875595092773
0.013609170913696289
0.02455592155456543
0.005514621734619141
0.059453487396240234
0.05893564224243164
0.0027174949645996094
0.022226333618164062
0.005491018295288086
0.008472919464111328
0.030516862869262695
0.0310208797454834
0.05223202705383301
0.046189069747924805
0.06113600730895996
0.021244049072265625
0.060114145278930664
0.041480302810668945
0.013672828674316406
0.002179384231567383
0.08194494247436523
0.05126309394836426
0.050508737564086914
0.0077877044677734375
0.024831295013427734
0.03561043739318848
0.023601293563842773
0.06622695922851562
0.029109477996826172
0.04228806495666504
0.054308176040649414
0.03536558151245117
0.0471651554107666
0.052445411682128906
0.05071210861206055
0.015713930130004883
0.03599810600280762
0.010755777359008789
0.04175233840942383
0.02796030044555664
0.05682873725891113
0.02515411376953125
0.039603471755981445
0.05740165710449219
0.016678333282470703
0.04403829574584961
0.037871599197387695
0.06758856773376465
0.042795658111572266
0.0067136287689208984
0.03264212608337402
0.055971384048461914
0.05246567726135254
0.015318870544433594
0.05573844909667969
0.04968738555908203
0.03275918960571289
0.003921985626220703
0.014726400375366211
0.04104161262512207
0.056500911712646484
0.020476579666137695
0.02264547348022461
0.030829191207885742
0.055451154708862305
0.016066312789916992
0.017663002014160156
0.028026819229125977
0.052393436431884766
0.026511669158935547
0.044622182846069336
0.043868064880371094
0.056168317794799805
0.04083538055419922
0.0034842491149902344
0.05005788803100586
0.06556391716003418
0.059044599533081055
0.07425951957702637
0.02202916145324707
0.06716728210449219
0.00911259651184082
0.06737256050109863
0.029014110565185547
0.004945993423461914
0.05671358108520508
0.03544974327087402
0.05644583702087402
0.018967390060424805
0.05618572235107422
0.008204221725463867
0.03568625450134277
0.00131988525390625
0.030808210372924805
0.05571603775024414
0.010966777801513672
0.029666900634765625
0.005073070526123047
0.024838924407958984
0.025078535079956055
0.059189796447753906
0.051141977310180664
0.06424975395202637
0.07031416893005371
0.045522212982177734
0.03259611129760742
0.03380441665649414
0.0016493797302246094
0.034229278564453125
0.03922557830810547
0.01479959487915039
0.04073762893676758
0.013649940490722656
0.014887094497680664
0.040125370025634766
0.007747173309326172
0.04328584671020508
0.003629922866821289
0.005341768264770508
0.02619481086730957
0.007281064987182617
0.05492401123046875
0.06545805931091309
0.03745889663696289
0.008428335189819336
0.057062625885009766
0.02250385284423828
0.022182941436767578
0.048223018646240234
0.0610353946685791
0.05217862129211426
0.046727657318115234
0.037909746170043945
0.008890867233276367
0.0020079612731933594
0.016308307647705078
0.07058429718017578
0.06228303909301758
0.041937828063964844
0.05624699592590332
0.062381744384765625
0.0001914501190185547
0.03125357627868652
0.014917850494384766
0.06417965888977051
0.023839473724365234
0.012499332427978516
0.009278297424316406
0.00474095344543457
0.04712986946105957
0.006815433502197266
0.039789676666259766
0.026863813400268555
0.058158159255981445
0.026365995407104492
0.00771021842956543
0.0045168399810791016
0.05181288719177246
0.01835775375366211
0.06842851638793945
0.03433704376220703
0.025500774383544922
0.04018807411193848
0.05746889114379883
0.05392909049987793
0.08152151107788086
0.049520015716552734
0.017124414443969727
0.041718482971191406
0.004325151443481445
0.014525651931762695
0.00606989860534668
0.01923370361328125
0.023775100708007812
0.02935314178466797
0.035353899002075195
0.06638765335083008
0.06973409652709961
0.003179788589477539
0.03871297836303711
0.04154777526855469
0.05055356025695801
0.011889934539794922
0.04044628143310547
0.0709686279296875
0.051113128662109375
0.030380964279174805
0.04503989219665527
0.06960010528564453
0.011284351348876953
0.006009340286254883
0.04946017265319824
0.07053017616271973
0.09373831748962402
0.000701904296875
0.06159853935241699
0.025888681411743164
0.04032421112060547
0.05480337142944336
0.0568845272064209
0.046888113021850586
0.034888505935668945
0.027332782745361328
0.01748514175415039
0.011675834655761719
0.01938009262084961
0.049352407455444336
0.06889510154724121
0.0041086673736572266
0.013483524322509766
0.05091595649719238
0.0695199966430664
0.03986549377441406
0.029472827911376953
0.03111124038696289
0.04777240753173828
0.051939964294433594
0.05141806602478027
0.025796890258789062
0.0590367317199707
0.017458200454711914
0.007637500762939453
0.032972097396850586
0.044789791107177734
0.05620098114013672
0.015936851501464844
0.052605390548706055
0.05686211585998535
0.06666159629821777
0.030216217041015625
0.0026814937591552734
0.007941246032714844
0.0281374454498291
0.03505420684814453
0.06540083885192871
0.036179304122924805
0.02589130401611328
0.01827859878540039
0.0001685619354248047
0.037024497985839844
0.04864192008972168
0.010044097900390625
0.01833629608154297
0.05191159248352051
0.05983877182006836
0.043831586837768555
0.04516172409057617
0.04439902305603027
0.015868425369262695
0.05799388885498047
0.05756974220275879
0.014149188995361328
0.03620600700378418
0.008116483688354492
0.029155969619750977
0.05577898025512695
0.057327985763549805
0.0639641284942627
0.016718626022338867
0.054766178131103516
0.04404401779174805
0.006361484527587891
0.050772666931152344
0.015918970108032227
0.0005502700805664062
0.004659891128540039
0.053975582122802734
0.033303022384643555
0.010966062545776367
0.04341864585876465
0.061508893966674805
0.0005161762237548828
0.018633604049682617
0.026773452758789062
0.057024478912353516
0.036632537841796875
0.012615442276000977
0.0272061824798584
0.023804903030395508
0.005343198776245117
0.04917621612548828
0.04573464393615723
0.020247459411621094
0.03395795822143555
0.04103446006774902
0.0037603378295898438
0.05344796180725098
0.058149099349975586
0.009057044982910156
0.004323244094848633
0.038666725158691406
0.07203841209411621
0.02960491180419922
0.019116878509521484
0.026986122131347656
0.027163982391357422
0.06377720832824707
0.050965070724487305
0.04828476905822754
0.016173124313354492
0.05647730827331543
0.0520319938659668
0.00241851806640625
0.032041072845458984
0.05890464782714844
0.02379918098449707
0.01726675033569336
0.01467275619506836
0.05197334289550781
0.03290224075317383
0.03704214096069336
0.05113792419433594
0.013689517974853516
0.050597429275512695
0.023807525634765625
0.057224273681640625
0.02522134780883789
0.06968212127685547
0.04436898231506348
0.023423194885253906
0.005511283874511719
0.03143739700317383
0.017950773239135742
0.01389622688293457
0.024473905563354492
0.024012327194213867
0.017345190048217773
0.02447509765625
0.0427553653717041
0.04634690284729004
0.0014889240264892578
0.0386204719543457
0.058628082275390625
0.0661311149597168
0.01049947738647461
0.05758380889892578
0.01640772819519043
0.07360410690307617
0.011488676071166992
0.010938882827758789
0.08264780044555664
0.054715871810913086
0.01800084114074707
0.043236494064331055
0.008512496948242188
0.05511212348937988
0.02067875862121582
0.05184769630432129
0.08653688430786133
0.06846427917480469
0.01854848861694336
0.06311559677124023
0.04728078842163086
0.0403285026550293
0.08431839942932129
0.009240388870239258
0.0045320987701416016
0.03067159652709961
0.04701399803161621
0.002406597137451172
0.05248594284057617
0.02811884880065918
0.00930333137512207
0.02733922004699707
0.04940152168273926
0.007791757583618164
0.02125382423400879
0.011635065078735352
0.05298972129821777
0.04703211784362793
0.039084434509277344
0.0073244571685791016
0.030762434005737305
0.028212308883666992
0.021273136138916016
0.016481876373291016
0.05198097229003906
0.0585782527923584
0.06261348724365234
0.022635221481323242
0.05130791664123535
0.07137751579284668
0.05459761619567871
0.017308950424194336
0.016711711883544922
0.033588409423828125
0.049280405044555664
0.05016493797302246
0.024077892303466797
0.018349647521972656
0.05502820014953613
0.0462188720703125
0.04391741752624512
0.04460430145263672
0.017020225524902344
0.030448198318481445
0.012311697006225586
0.03493976593017578
0.0007607936859130859
0.013766050338745117
0.054869890213012695
0.02635478973388672
0.03397512435913086
0.05197310447692871
0.043524980545043945
0.06986832618713379
0.014049768447875977
0.026152849197387695
0.04420900344848633
0.04584026336669922
0.024494647979736328
0.05189800262451172
0.048441171646118164
0.024994373321533203
0.039470672607421875
0.012912273406982422
0.05179548263549805
0.027712583541870117
0.0292208194732666
0.03662228584289551
0.03640437126159668
0.022275209426879883
0.022304534912109375
0.0199735164642334
0.03556203842163086
0.0010972023010253906
0.03494524955749512
0.040883541107177734
0.01676201820373535
0.035578012466430664
0.030163049697875977
0.01684093475341797
0.029695510864257812
0.08492565155029297
0.013776779174804688
0.012394905090332031
0.04843306541442871
0.023925065994262695
0.03247427940368652
0.015339136123657227
0.047429800033569336
0.014786958694458008
0.014493227005004883
0.044629812240600586
0.0033292770385742188
0.0491480827331543
0.009783506393432617
0.03701448440551758
0.009783029556274414
0.05354142189025879
0.006968259811401367
0.02318120002746582
0.04073452949523926
0.0358433723449707
0.056334495544433594
0.04268026351928711
0.07960677146911621
0.006418943405151367
0.004693746566772461
0.06921005249023438
0.029615163803100586
0.008475303649902344
0.01576995849609375
0.06323099136352539
0.0505216121673584
0.048026323318481445
0.016025543212890625
