0.011224031448364258
0.005854129791259766
0.01691913604736328
0.015196800231933594
0.010621070861816406
0.014436483383178711
0.00776219367980957
0.009747505187988281
0.00906991958618164
0.018229007720947266
0.004250764846801758
0.022856950759887695
0.009222745895385742
0.009780406951904297
0.012552261352539062
0.009932279586791992
0.011641263961791992
0.0013458728790283203
0.01811981201171875
0.014973878860473633
0.01018667221069336
0.015480756759643555
0.006919145584106445
0.013035297393798828
0.016422748565673828
0.009814023971557617
0.01623821258544922
0.019232749938964844
0.02639913558959961
0.006394147872924805
0.005534172058105469
0.007922649383544922
0.0042688846588134766
0.014115095138549805
0.01077723503112793
0.023682117462158203
0.01687788963317871
0.0073549747467041016
0.013349533081054688
0.009963512420654297
0.020954370498657227
0.01454019546508789
0.02001023292541504
0.012615203857421875
0.021567106246948242
0.01182699203491211
0.008694887161254883
0.018891572952270508
0.01502370834350586
0.015567779541015625
0.019021272659301758
0.004497528076171875
0.008747577667236328
0.008446216583251953
0.0014729499816894531
0.02185511589050293
0.008431196212768555
0.01346278190612793
0.01732659339904785
0.003814697265625
0.01378321647644043
0.0070018768310546875
0.008756875991821289
0.00944066047668457
0.008906364440917969
0.016832351684570312
0.017552614212036133
0.006249427795410156
0.008130550384521484
0.01076197624206543
0.012178421020507812
0.019787073135375977
0.016257762908935547
0.01088857650756836
0.012370586395263672
0.01613759994506836
0.00421595573425293
0.013926029205322266
0.015456438064575195
0.019013404846191406
0.014353036880493164
0.0033249855041503906
0.004941225051879883
0.009321212768554688
0.00889444351196289
0.005991458892822266
0.013325929641723633
0.015232563018798828
0.007946968078613281
0.009318113327026367
0.008348941802978516
0.025105953216552734
0.014561176300048828
0.005232334136962891
0.00849771499633789
0.010440349578857422
0.004235506057739258
0.02183818817138672
0.00420689582824707
0.015882253646850586
0.009405374526977539
0.007167339324951172
0.01156306266784668
0.015937328338623047
0.014917135238647461
0.3995211124420166
0.017670154571533203
0.0071222782135009766
0.007910966873168945
0.013879776000976562
0.015192031860351562
0.004899740219116211
0.013363361358642578
0.012663841247558594
0.003654003143310547
0.014543294906616211
0.011077404022216797
0.014533042907714844
0.005297660827636719
0.010871410369873047
0.00837087631225586
0.015131950378417969
0.00442194938659668
0.006517648696899414
0.011217117309570312
0.008946657180786133
0.009966373443603516
0.014870643615722656
0.006800174713134766
0.008767127990722656
0.013997316360473633
0.013024091720581055
0.012027978897094727
0.016012191772460938
0.013498306274414062
0.00734710693359375
0.007097005844116211
0.025623798370361328
0.008697271347045898
0.015061616897583008
0.007639884948730469
0.012137413024902344
0.011459589004516602
0.0067636966705322266
0.019612789154052734
0.008959293365478516
0.011462211608886719
0.010271549224853516
0.008616924285888672
0.01389455795288086
0.025194406509399414
0.026142597198486328
0.015851497650146484
0.01927351951599121
0.018752574920654297
0.03364682197570801
0.01250314712524414
0.02048468589782715
0.012183904647827148
0.011714696884155273
0.006566524505615234
0.003972291946411133
0.014461994171142578
0.025936603546142578
0.009930133819580078
0.0171658992767334
0.01548147201538086
0.003323078155517578
0.01760244369506836
0.010557889938354492
0.010932207107543945
0.008751392364501953
0.024831056594848633
0.011492729187011719
0.014597177505493164
0.011903762817382812
0.008371114730834961
0.013922691345214844
0.013768911361694336
0.00839543342590332
0.021498441696166992
0.01310276985168457
0.004593610763549805
0.018149375915527344
0.007953882217407227
0.012219667434692383
0.016952991485595703
0.008312463760375977
0.008004426956176758
0.011464118957519531
0.026167869567871094
0.0013997554779052734
0.02202916145324707
0.01505136489868164
0.020828962326049805
0.010411500930786133
0.014173746109008789
0.019290685653686523
0.015585899353027344
0.008399248123168945
0.0071392059326171875
0.026009321212768555
0.01767587661743164
0.016475915908813477
0.012289762496948242
0.008901357650756836
0.0063343048095703125
0.010349512100219727
0.01010584831237793
0.011347770690917969
0.012827873229980469
0.015275716781616211
0.0074198246002197266
0.010283708572387695
0.0029616355895996094
0.009211063385009766
0.013292789459228516
0.007771492004394531
0.0031404495239257812
0.010918140411376953
0.004227399826049805
0.017405271530151367
0.0195925235748291
0.01851963996887207
0.026789188385009766
0.012024164199829102
0.007092714309692383
0.001470804214477539
0.014850378036499023
0.011257171630859375
0.005013227462768555
0.007914543151855469
0.009715557098388672
0.01090550422668457
0.0035228729248046875
0.011199712753295898
0.014196157455444336
0.018921852111816406
0.02159857749938965
0.011467218399047852
0.005678892135620117
0.016054153442382812
0.017844200134277344
0.009374618530273438
0.010883331298828125
0.015092134475708008
0.009875297546386719
0.03155708312988281
0.014252901077270508
0.016530275344848633
0.010735273361206055
0.011859655380249023
0.009850025177001953
0.014240264892578125
0.005343914031982422
0.014247894287109375
0.01665019989013672
0.008403539657592773
0.003779172897338867
0.016164779663085938
0.019657135009765625
0.014123678207397461
0.014698266983032227
0.005742073059082031
0.01515340805053711
0.013265132904052734
0.013815641403198242
0.01608419418334961
0.01094365119934082
0.01709747314453125
0.016269922256469727
0.023291587829589844
0.02327442169189453
0.010013580322265625
0.012866020202636719
0.021857500076293945
0.008540630340576172
0.005288362503051758
0.014286279678344727
0.015920639038085938
0.007930994033813477
0.014574527740478516
0.01706218719482422
0.025698423385620117
0.017221450805664062
0.01648426055908203
0.005822420120239258
0.010725736618041992
0.005261898040771484
0.009416580200195312
0.00749969482421875
0.010913848876953125
0.00704646110534668
0.009010791778564453
0.02202582359313965
0.025699138641357422
0.015338897705078125
0.008301973342895508
0.015535831451416016
0.002343893051147461
0.013222932815551758
0.012638092041015625
0.011481761932373047
0.01094198226928711
0.014201879501342773
0.02460193634033203
0.008440971374511719
0.013974666595458984
0.025482177734375
0.03787064552307129
0.008476734161376953
0.03210139274597168
0.006583213806152344
0.015036582946777344
0.03090667724609375
0.010225772857666016
0.041327714920043945
0.013605833053588867
0.011983394622802734
0.015126943588256836
0.011166095733642578
0.019357681274414062
0.003500223159790039
0.007113933563232422
0.008683204650878906
0.01969456672668457
0.01619243621826172
0.02965235710144043
0.009744882583618164
0.017986774444580078
0.0047147274017333984
0.009839296340942383
0.013675928115844727
0.015130758285522461
0.02953171730041504
0.015149354934692383
0.02455925941467285
0.008220672607421875
0.02435612678527832
0.007955789566040039
0.021606922149658203
0.013998985290527344
0.0163419246673584
0.02037334442138672
0.022566795349121094
0.015909910202026367
0.008068323135375977
0.012612581253051758
0.0054857730865478516
0.011286020278930664
0.005507707595825195
0.007024288177490234
0.00806283950805664
0.023102521896362305
0.011352777481079102
0.01751875877380371
0.012247323989868164
0.023793458938598633
0.008649110794067383
0.025809526443481445
0.01192784309387207
0.017232179641723633
0.016970396041870117
0.006894350051879883
0.005221128463745117
0.006151914596557617
0.009858369827270508
0.013701200485229492
0.01118016242980957
0.010788440704345703
0.008404254913330078
0.006184816360473633
0.010437488555908203
0.00832223892211914
0.021927595138549805
0.013391256332397461
0.018077611923217773
0.007607460021972656
0.007039546966552734
0.010817289352416992
0.012553691864013672
0.011735916137695312
0.0064771175384521484
0.02362656593322754
0.016980886459350586
0.013017892837524414
0.016948461532592773
0.011544466018676758
0.022655725479125977
0.011319160461425781
0.018939733505249023
0.018538951873779297
0.014250516891479492
0.018683195114135742
0.008941411972045898
0.003819704055786133
0.006157875061035156
0.008306264877319336
0.011229991912841797
0.022115468978881836
0.007424831390380859
0.015490293502807617
0.021152496337890625
0.0187833309173584
0.006675004959106445
0.013610363006591797
0.01964426040649414
0.0033817291259765625
0.006352663040161133
0.010975122451782227
0.0053253173828125
0.02173328399658203
0.015063047409057617
0.016064882278442383
0.008272647857666016
0.010900259017944336
0.01157689094543457
0.009467840194702148
0.01582646369934082
0.016036272048950195
0.3445255756378174
0.008092164993286133
0.017008304595947266
0.014536619186401367
0.009310483932495117
0.0015516281127929688
0.009670734405517578
0.014511346817016602
0.020245790481567383
0.004801034927368164
0.008811473846435547
0.004851341247558594
0.012682437896728516
0.009902715682983398
0.01889348030090332
0.008095026016235352
0.011006593704223633
0.01405191421508789
0.016400575637817383
0.01367807388305664
0.0053348541259765625
0.01092672348022461
0.00987386703491211
0.010895252227783203
0.01718616485595703
0.011995792388916016
0.015473365783691406
0.010532617568969727
0.01172018051147461
0.014615297317504883
0.005543947219848633
0.015709400177001953
0.009671449661254883
0.019263505935668945
0.01605367660522461
0.017766475677490234
0.009764671325683594
0.010419845581054688
0.010581493377685547
0.008123636245727539
0.003779172897338867
0.020107507705688477
0.009427547454833984
0.01647782325744629
0.006999015808105469
0.005360603332519531
0.012689352035522461
0.007605314254760742
0.01209259033203125
0.00971078872680664
0.01375579833984375
0.011550188064575195
0.01175832748413086
0.00848388671875
0.006185054779052734
0.02428436279296875
0.00138092041015625
0.022297143936157227
0.013890266418457031
0.008664369583129883
0.03273916244506836
0.008720636367797852
0.013031959533691406
0.013321876525878906
0.0128021240234375
0.010548114776611328
0.019041061401367188
0.018812894821166992
0.008585691452026367
0.008360624313354492
0.015543699264526367
0.0223388671875
0.009499549865722656
0.006127834320068359
0.010864973068237305
0.019503355026245117
0.0013124942779541016
0.017635822296142578
0.010509967803955078
0.01132655143737793
0.01936650276184082
0.02175283432006836
0.01938796043395996
0.003343820571899414
0.0073893070220947266
0.008021116256713867
0.011067628860473633
0.004542112350463867
0.014467000961303711
0.013542413711547852
0.018326997756958008
0.01949310302734375
0.008729934692382812
0.009155988693237305
0.01281595230102539
0.002496480941772461
0.007574796676635742
0.015971660614013672
0.013178825378417969
0.00793600082397461
0.00807332992553711
0.01597762107849121
0.008478164672851562
0.013079643249511719
0.012795448303222656
0.011018991470336914
0.02450251579284668
0.016929149627685547
0.013860225677490234
0.013535499572753906
0.003342151641845703
0.012578010559082031
0.009768962860107422
0.018324851989746094
0.002344846725463867
0.009951353073120117
0.01058650016784668
0.030028343200683594
0.003239870071411133
0.01121211051940918
0.0136566162109375
0.003680706024169922
0.00738215446472168
0.0048558712005615234
0.011224746704101562
0.008621454238891602
0.014660835266113281
0.007386684417724609
0.01681375503540039
0.0029277801513671875
0.000782012939453125
0.002652883529663086
0.008607864379882812
0.010029077529907227
0.008083343505859375
0.010021448135375977
0.00990915298461914
0.010490655899047852
0.010712862014770508
0.01205301284790039
0.0066986083984375
0.012084007263183594
0.016629695892333984
0.010294437408447266
0.023773670196533203
0.014503002166748047
0.009222030639648438
0.034581899642944336
0.025069236755371094
0.017967700958251953
0.0063512325286865234
0.013318061828613281
0.01782393455505371
0.012895584106445312
0.01035928726196289
0.009664297103881836
0.0166168212890625
0.00805211067199707
0.014933586120605469
0.014986991882324219
0.02065277099609375
0.007353067398071289
0.008162736892700195
0.007055521011352539
0.003773927688598633
0.015821218490600586
0.0048520565032958984
0.009457588195800781
0.012771368026733398
0.0048525333404541016
0.013352632522583008
0.019510507583618164
0.0029115676879882812
0.008774280548095703
0.015415430068969727
0.01670551300048828
0.007729768753051758
0.002156972885131836
0.01943826675415039
0.008908510208129883
0.02020430564880371
0.014311075210571289
0.004513978958129883
0.008397817611694336
0.014306783676147461
0.011526823043823242
0.02800273895263672
0.012973546981811523
0.01805281639099121
0.007306814193725586
0.01923537254333496
0.009179115295410156
0.016027212142944336
0.015475034713745117
0.008086442947387695
0.014023542404174805
0.006870746612548828
0.001402139663696289
0.007378578186035156
0.0019297599792480469
0.007750749588012695
0.01656198501586914
0.012372970581054688
0.03269815444946289
0.011435508728027344
0.006468772888183594
0.014803171157836914
0.018002748489379883
0.005454063415527344
0.008095979690551758
0.002828836441040039
0.010461568832397461
0.015356063842773438
0.008389711380004883
0.010496377944946289
0.00777745246887207
0.007619142532348633
0.01296234130859375
0.019877910614013672
0.0048105716705322266
0.016319751739501953
0.00904989242553711
0.02297210693359375
0.01148533821105957
0.0064983367919921875
0.01917123794555664
0.01807856559753418
0.00679469108581543
0.0031011104583740234
0.015764951705932617
0.007531881332397461
0.011356353759765625
0.012218236923217773
0.006623983383178711
0.009855031967163086
0.009443521499633789
0.011397361755371094
0.018896102905273438
0.011675596237182617
0.023670196533203125
0.010901451110839844
0.011760950088500977
0.010660171508789062
0.011013984680175781
0.015702009201049805
0.010461568832397461
0.020309925079345703
0.016421794891357422
0.012832880020141602
0.017133474349975586
0.002655029296875
0.014759302139282227
0.010073661804199219
0.008760213851928711
0.005007028579711914
0.010845422744750977
0.011733770370483398
0.01171255111694336
0.0072765350341796875
0.015228509902954102
0.015067338943481445
0.011993408203125
0.009022235870361328
0.007028818130493164
0.01337432861328125
0.01399683952331543
0.017552614212036133
0.005675077438354492
0.01335000991821289
0.01274728775024414
0.011195182800292969
0.003508329391479492
0.011087656021118164
0.016884803771972656
0.010349750518798828
0.005684614181518555
0.012171745300292969
0.013158798217773438
0.018344640731811523
0.007033824920654297
0.0062351226806640625
0.0065610408782958984
0.009282350540161133
0.009080648422241211
0.02061939239501953
0.02270650863647461
0.015749692916870117
0.004011869430541992
0.028620243072509766
0.008309364318847656
0.006420612335205078
0.0051479339599609375
0.0011568069458007812
0.0031147003173828125
0.015096426010131836
0.004792213439941406
0.016272306442260742
0.0027976036071777344
0.005342721939086914
0.00914454460144043
0.011777877807617188
0.011602640151977539
0.008977413177490234
0.0184328556060791
0.011889457702636719
0.038419246673583984
0.01161813735961914
0.005880117416381836
0.005997419357299805
0.002828836441040039
0.018195152282714844
0.018607616424560547
0.010911941528320312
0.005584716796875
0.012918949127197266
0.012631654739379883
0.025406360626220703
0.007142782211303711
0.3510408401489258
0.0215299129486084
0.01928114891052246
0.018835783004760742
0.01501607894897461
0.01714777946472168
0.012910127639770508
0.0023648738861083984
0.012663841247558594
0.019749164581298828
0.010151386260986328
0.008840560913085938
0.007311582565307617
0.008702754974365234
0.008046150207519531
0.017600059509277344
0.008234500885009766
0.011599063873291016
0.01859736442565918
0.005207538604736328
0.012395858764648438
0.017219066619873047
0.014084339141845703
0.014043331146240234
0.00412440299987793
0.009047746658325195
0.0035271644592285156
0.0035686492919921875
0.013751745223999023
0.01975107192993164
0.019939422607421875
0.010848522186279297
0.012296438217163086
0.011339187622070312
0.012597799301147461
0.014361381530761719
0.011233806610107422
0.016106843948364258
0.004578828811645508
0.003781557083129883
0.018999814987182617
0.016526460647583008
0.0059359073638916016
0.013011693954467773
0.010128498077392578
0.020813465118408203
0.015736103057861328
0.0013549327850341797
0.006053924560546875
0.019167184829711914
0.015631914138793945
0.008866310119628906
0.013184547424316406
0.008862495422363281
0.010156869888305664
0.0171051025390625
0.02520465850830078
0.0008962154388427734
0.014574766159057617
0.020028352737426758
0.014795303344726562
0.01460123062133789
0.009396076202392578
0.009746551513671875
0.009538888931274414
0.011510848999023438
0.019556522369384766
0.00993490219116211
0.014134645462036133
0.007524013519287109
0.022974252700805664
0.015230655670166016
0.0037522315979003906
0.01613330841064453
0.01579761505126953
0.015119075775146484
0.00696110725402832
0.016133546829223633
0.013690948486328125
0.01087641716003418
0.015843629837036133
0.001486063003540039
0.009857892990112305
0.015109777450561523
0.009173393249511719
0.004844188690185547
0.013324499130249023
0.008981704711914062
0.009697675704956055
0.012198448181152344
0.02616572380065918
0.015234708786010742
0.022487878799438477
0.008183956146240234
0.008005380630493164
0.013842105865478516
0.009935379028320312
0.011719942092895508
0.016036033630371094
0.004000663757324219
0.0018706321716308594
0.005774736404418945
0.022925853729248047
0.02104020118713379
0.009067296981811523
0.015382528305053711
0.007147073745727539
0.020045757293701172
0.011603593826293945
0.03231167793273926
0.012922525405883789
0.011273622512817383
0.012741804122924805
0.005839347839355469
0.011853933334350586
0.0021944046020507812
0.0058460235595703125
0.004641532897949219
0.006812095642089844
0.017259597778320312
0.031999826431274414
0.01242375373840332
0.0283205509185791
0.009327411651611328
0.014934778213500977
0.007987499237060547
0.014041900634765625
0.01789569854736328
0.006673336029052734
0.017817258834838867
0.01492929458618164
0.01106572151184082
0.024678468704223633
0.008982419967651367
0.01743912696838379
0.01582503318786621
0.012810945510864258
0.0046749114990234375
0.019837141036987305
0.014939308166503906
0.020135879516601562
0.010023355484008789
0.012536048889160156
0.011318445205688477
0.011595964431762695
0.006655693054199219
0.02665257453918457
0.022165775299072266
0.010370492935180664
0.021748065948486328
0.016293048858642578
0.018521785736083984
0.00909566879272461
0.024026155471801758
0.008916616439819336
0.013452529907226562
0.0073964595794677734
0.012575626373291016
0.018033266067504883
0.011103153228759766
0.01305389404296875
0.01979827880859375
0.008017778396606445
0.019560813903808594
0.029043912887573242
0.028863906860351562
0.016447782516479492
0.03479957580566406
0.011832714080810547
0.012800931930541992
0.01629185676574707
0.001680135726928711
0.01122426986694336
0.004988670349121094
0.016393661499023438
0.01880025863647461
0.011238336563110352
0.01313328742980957
0.002279043197631836
0.001650094985961914
0.0022013187408447266
0.015663862228393555
0.007538557052612305
0.013077974319458008
0.009441137313842773
0.020010948181152344
0.0026273727416992188
0.009860515594482422
0.019242048263549805
0.008343696594238281
0.0061452388763427734
0.01611638069152832
0.013628721237182617
0.016655445098876953
0.011359930038452148
0.008365869522094727
0.023430585861206055
0.009059667587280273
0.00826263427734375
0.009969711303710938
0.009271860122680664
0.003442049026489258
0.009131908416748047
0.010410070419311523
0.017598628997802734
0.02201390266418457
0.01653003692626953
0.029143810272216797
0.020937204360961914
0.018830537796020508
0.014264822006225586
0.018903255462646484
0.012122869491577148
0.006127595901489258
0.009003877639770508
0.007228374481201172
0.016115188598632812
0.012795686721801758
0.0178530216217041
0.01657700538635254
0.010240554809570312
0.010372638702392578
0.012391805648803711
0.00844120979309082
0.009189128875732422
0.005713462829589844
0.011721372604370117
0.009428977966308594
0.0017881393432617188
0.008060216903686523
0.01195216178894043
0.017264366149902344
0.020954608917236328
0.01432943344116211
0.010032892227172852
0.01583385467529297
0.012528419494628906
0.008133172988891602
0.01304483413696289
0.02364516258239746
0.008068561553955078
0.010195493698120117
0.006335735321044922
0.019093751907348633
0.007256031036376953
0.014174222946166992
0.006669521331787109
0.023835182189941406
0.017372608184814453
0.01717543601989746
0.016876697540283203
0.018131494522094727
0.014826059341430664
0.00444793701171875
0.010483980178833008
0.006719112396240234
0.011246919631958008
0.0013210773468017578
0.0365452766418457
0.019101619720458984
0.013921499252319336
0.023731708526611328
0.012228250503540039
0.022716760635375977
0.024797677993774414
0.02814316749572754
0.01964426040649414
0.022242069244384766
0.01618337631225586
0.019130229949951172
0.014250993728637695
0.01944875717163086
0.0029015541076660156
0.01845383644104004
0.019687175750732422
0.015897750854492188
0.011390209197998047
0.011915206909179688
0.009886503219604492
0.0026845932006835938
0.016843795776367188
0.015288829803466797
0.01058197021484375
0.0157012939453125
0.014918327331542969
0.006340503692626953
0.009198904037475586
0.02696681022644043
0.013375043869018555
0.01927351951599121
0.016770124435424805
0.016298294067382812
0.005128383636474609
0.013213157653808594
0.024138450622558594
0.019272327423095703
0.014965295791625977
0.016491413116455078
0.01877570152282715
0.011489152908325195
0.007225990295410156
0.025737524032592773
0.015136957168579102
0.011681556701660156
0.010852575302124023
0.017162322998046875
0.020593881607055664
0.009927988052368164
0.015671253204345703
0.008239269256591797
0.02989935874938965
0.012841224670410156
0.010669946670532227
0.014961957931518555
0.0187227725982666
0.008781194686889648
0.015106439590454102
0.01789069175720215
0.01383066177368164
0.0029935836791992188
0.008932828903198242
0.01770925521850586
0.019096851348876953
0.002710103988647461
0.00914907455444336
0.02445673942565918
0.017566919326782227
0.006476402282714844
0.007158994674682617
0.004575252532958984
0.00794076919555664
0.022744417190551758
0.0059511661529541016
0.027839183807373047
0.3042411804199219
0.008286714553833008
0.01528620719909668
0.013285160064697266
0.020838260650634766
0.00823521614074707
0.01468658447265625
0.01673722267150879
0.013385295867919922
0.008934736251831055
0.01076054573059082
0.006698131561279297
0.014449119567871094
0.016028404235839844
0.014847993850708008
0.005725860595703125
0.012588262557983398
0.00819253921508789
0.005658388137817383
0.00976419448852539
0.011828899383544922
0.012997627258300781
0.0031516551971435547
0.016132831573486328
0.012309551239013672
0.008270025253295898
0.01265716552734375
0.0210418701171875
0.011359691619873047
0.007503986358642578
0.011086463928222656
0.006603717803955078
0.013863086700439453
0.019816160202026367
0.017792224884033203
0.008905649185180664
0.0008330345153808594
0.02393960952758789
0.013507843017578125
0.002532482147216797
0.011676788330078125
0.007663249969482422
0.02051568031311035
0.0049974918365478516
0.007985830307006836
0.003263711929321289
0.019106388092041016
0.023615598678588867
0.0062408447265625
0.0028221607208251953
0.003499746322631836
0.014685869216918945
0.007085084915161133
0.010122299194335938
0.004361391067504883
0.0065877437591552734
0.018942832946777344
0.008356809616088867
0.014215230941772461
0.008635759353637695
0.010020971298217773
0.012863636016845703
0.009119510650634766
0.007712125778198242
0.009328126907348633
0.012922525405883789
0.013174057006835938
0.027745962142944336
0.0027599334716796875
0.018358945846557617
0.004435539245605469
0.0028235912322998047
0.021286725997924805
0.01078486442565918
0.010707855224609375
0.015140295028686523
0.015293359756469727
0.016894817352294922
0.01586604118347168
0.029396772384643555
0.009446382522583008
0.009170293807983398
0.019127368927001953
0.0038995742797851562
0.016440868377685547
0.020863056182861328
0.0528874397277832
0.010234832763671875
0.016106605529785156
0.009000539779663086
0.013140201568603516
0.0025784969329833984
0.007105588912963867
0.019977807998657227
0.014481544494628906
0.01761627197265625
0.014618635177612305
0.02028369903564453
0.012395381927490234
0.012475252151489258
0.018477439880371094
0.008551597595214844
0.014964818954467773
0.011465311050415039
0.013689517974853516
0.005624532699584961
0.018891572952270508
0.005669355392456055
0.014665842056274414
0.014910459518432617
0.007968425750732422
0.007139444351196289
0.002252340316772461
0.010430097579956055
0.0029845237731933594
0.005455493927001953
0.00978541374206543
0.011960983276367188
0.023850202560424805
0.011825799942016602
0.014533281326293945
0.011285066604614258
0.01963019371032715
0.012699365615844727
0.00711512565612793
0.02052593231201172
0.01502847671508789
0.01569390296936035
0.011683464050292969
0.01366424560546875
0.00800943374633789
0.014154911041259766
0.019849538803100586
0.01440739631652832
0.009923458099365234
0.002730131149291992
0.014170646667480469
0.01512002944946289
0.003477334976196289
0.012102842330932617
0.018746376037597656
0.022375106811523438
0.020901203155517578
0.006433963775634766
0.005086660385131836
0.013300418853759766
0.018362998962402344
0.013551473617553711
0.008924007415771484
0.009667634963989258
0.016691923141479492
0.01904153823852539
0.018430471420288086
0.008972644805908203
0.014815330505371094
0.0047266483306884766
0.012423992156982422
0.010139226913452148
0.008263349533081055
0.002882719039916992
0.02392268180847168
0.011030197143554688
0.012888193130493164
0.013487815856933594
0.0075893402099609375
0.01595616340637207
0.003395557403564453
0.00420069694519043
0.012983083724975586
0.014254331588745117
0.014147758483886719
0.013415813446044922
0.010271310806274414
0.02091693878173828
0.018463134765625
0.0233154296875
0.012506961822509766
0.016800642013549805
0.01939225196838379
0.0056192874908447266
0.010169267654418945
0.004052400588989258
0.012392759323120117
0.006982564926147461
0.016964435577392578
0.008284330368041992
0.014394998550415039
0.0167083740234375
0.007452964782714844
0.020641803741455078
0.013417720794677734
0.00967097282409668
0.012035846710205078
0.00923013687133789
0.00903177261352539
0.018793821334838867
0.01228642463684082
0.008468389511108398
0.013578176498413086
0.011754751205444336
0.013786554336547852
0.011567354202270508
0.0071718692779541016
0.019947528839111328
0.014160871505737305
0.009246826171875
0.007965326309204102
0.0024003982543945312
0.01741313934326172
0.007387876510620117
0.014624595642089844
0.014498233795166016
0.0020999908447265625
0.013347625732421875
0.009842395782470703
0.014224529266357422
0.010500669479370117
0.010098695755004883
0.03897261619567871
0.01883220672607422
0.012953042984008789
0.006891965866088867
0.003832101821899414
0.005784511566162109
0.01185917854309082
0.003200531005859375
0.016051054000854492
0.008424043655395508
0.016039371490478516
0.012079477310180664
0.01788496971130371
0.007481575012207031
0.014081954956054688
0.004037141799926758
0.008519887924194336
0.01666855812072754
0.008355379104614258
0.006552934646606445
0.002157449722290039
0.012070655822753906
0.013242959976196289
0.014355182647705078
0.016124963760375977
0.015321493148803711
0.022878170013427734
0.01706838607788086
0.01274251937866211
0.0057909488677978516
0.010585308074951172
0.01959228515625
0.012364625930786133
0.009277105331420898
0.0046193599700927734
0.0061342716217041016
0.013883829116821289
0.009210348129272461
0.002369403839111328
0.020188331604003906
0.011402130126953125
0.012254714965820312
0.010262489318847656
0.01279449462890625
0.008423328399658203
0.006556272506713867
0.011981725692749023
0.018830537796020508
0.0034847259521484375
0.01819777488708496
0.01192617416381836
0.007410287857055664
0.0238037109375
0.0074689388275146484
0.013123273849487305
0.011446714401245117
0.008458137512207031
0.01072072982788086
0.020861148834228516
0.016306400299072266
0.03381919860839844
0.012540817260742188
0.013887166976928711
0.017145156860351562
0.015025854110717773
0.01308751106262207
0.01696324348449707
0.010789632797241211
0.015565872192382812
0.009222030639648438
0.021120786666870117
0.006799459457397461
0.006148576736450195
0.021420955657958984
0.031824588775634766
0.013751029968261719
0.009953975677490234
0.014440774917602539
0.014717817306518555
0.005606651306152344
0.006247282028198242
0.00879812240600586
0.006251096725463867
0.02821969985961914
0.009834766387939453
0.011346578598022461
0.010279655456542969
0.013043642044067383
0.015507221221923828
0.003622293472290039
0.004325151443481445
0.006932735443115234
0.01960897445678711
0.022058963775634766
0.014646530151367188
0.003926992416381836
0.02115917205810547
0.0036215782165527344
0.001422882080078125
0.011675357818603516
0.005942583084106445
0.017801284790039062
0.010841131210327148
0.010346412658691406
0.012892484664916992
0.011285781860351562
0.005788087844848633
0.00673675537109375
0.00948333740234375
0.0037927627563476562
0.01074075698852539
0.012497425079345703
0.0015177726745605469
0.005311727523803711
0.01970672607421875
0.007310628890991211
0.0037758350372314453
0.014758586883544922
0.017839670181274414
0.013485431671142578
0.008653640747070312
0.014803171157836914
0.00528264045715332
0.012468814849853516
0.008275508880615234
0.015660762786865234
0.0008256435394287109
0.008608102798461914
0.027024269104003906
0.007714986801147461
0.02608203887939453
0.010955572128295898
0.008085250854492188
0.017026424407958984
0.010190486907958984
0.40680718421936035
0.019437313079833984
0.01418161392211914
0.010815858840942383
0.00800633430480957
0.014168500900268555
0.0012536048889160156
0.003412485122680664
0.022083759307861328
0.008921146392822266
0.02377915382385254
0.008202552795410156
0.018194198608398438
0.010011434555053711
0.0037539005279541016
0.008947372436523438
0.009116172790527344
0.008609294891357422
0.005346536636352539
0.01304006576538086
0.018014192581176758
0.014421939849853516
0.013646602630615234
0.0053789615631103516
0.017298221588134766
0.0051860809326171875
0.008264303207397461
0.013570308685302734
0.0072591304779052734
0.016082286834716797
0.005918979644775391
0.011237144470214844
0.012016534805297852
0.006432056427001953
0.003952741622924805
0.01934075355529785
0.007887840270996094
0.008005380630493164
0.023771047592163086
0.017963647842407227
0.006160259246826172
0.005084991455078125
0.014783143997192383
0.017047643661499023
0.001277923583984375
0.01314687728881836
0.005751609802246094
0.008574485778808594
0.04068899154663086
0.012603044509887695
0.012117862701416016
0.015449762344360352
0.01256418228149414
0.012442827224731445
0.011606693267822266
0.02223038673400879
0.013788938522338867
0.015563249588012695
0.013072729110717773
0.014748334884643555
0.011504888534545898
0.01910853385925293
0.012851953506469727
0.0055332183837890625
0.020928621292114258
0.022949934005737305
0.011963129043579102
0.01973700523376465
0.012038707733154297
0.013447046279907227
0.008886337280273438
0.009914636611938477
0.010259866714477539
0.010032892227172852
0.018047809600830078
0.010905027389526367
0.009314775466918945
0.014913558959960938
0.009546279907226562
0.0166780948638916
0.01950693130493164
0.03318977355957031
0.014121532440185547
0.017464160919189453
0.019260168075561523
0.022359848022460938
0.01734328269958496
0.02069711685180664
0.008491277694702148
0.024595022201538086
0.0067272186279296875
0.009026288986206055
0.014017343521118164
0.021462440490722656
0.024187803268432617
0.013191938400268555
0.012674570083618164
0.012152910232543945
0.01932549476623535
0.014892816543579102
0.017663002014160156
0.014987468719482422
0.014415502548217773
0.02080821990966797
0.015472412109375
0.015624284744262695
0.016488313674926758
0.016110658645629883
0.011088371276855469
0.012348413467407227
0.015245914459228516
0.002676725387573242
0.00837564468383789
0.006761789321899414
0.017855405807495117
0.011106014251708984
0.010253667831420898
0.010782480239868164
0.008581161499023438
0.008413076400756836
0.018084049224853516
0.015770912170410156
0.018386125564575195
0.010755300521850586
0.028223514556884766
0.011763811111450195
0.005603313446044922
0.01505422592163086
0.014315605163574219
0.01176762580871582
0.0020461082458496094
0.020296573638916016
0.015410900115966797
0.002305269241333008
0.011171817779541016
0.005907297134399414
0.008209466934204102
0.008129596710205078
0.010222434997558594
0.010027885437011719
0.011992216110229492
0.016435623168945312
0.014158487319946289
0.02474689483642578
0.018766164779663086
0.0207521915435791
0.006608009338378906
0.014439105987548828
0.012945890426635742
0.015299797058105469
0.00700068473815918
0.007245779037475586
0.005694866180419922
0.008797407150268555
0.013236045837402344
0.0067899227142333984
0.01913928985595703
0.012665987014770508
0.011440038681030273
0.009325742721557617
0.014068841934204102
0.011781454086303711
0.011716365814208984
0.015129804611206055
0.0069925785064697266
0.009779930114746094
0.013217449188232422
0.010459661483764648
0.007297039031982422
0.0037631988525390625
0.012071371078491211
0.016867637634277344
0.016147613525390625
0.014321327209472656
0.01375126838684082
0.009176969528198242
0.01560664176940918
0.008610725402832031
0.0158538818359375
0.01341867446899414
0.020318269729614258
0.009728431701660156
0.01329660415649414
0.009292840957641602
0.01877737045288086
0.023400306701660156
0.011403799057006836
0.0052869319915771484
0.0062181949615478516
0.009968042373657227
0.009235143661499023
0.015403032302856445
0.01696467399597168
0.013446331024169922
0.011914968490600586
0.01077413558959961
0.003743410110473633
0.0035843849182128906
0.011057138442993164
0.005185842514038086
0.0036439895629882812
0.015370607376098633
0.006335258483886719
0.017565250396728516
0.020236492156982422
0.0048367977142333984
0.009071826934814453
0.007058620452880859
0.008762121200561523
0.008698463439941406
0.014655828475952148
0.024845600128173828
0.0037314891815185547
0.008261919021606445
0.004958391189575195
0.004889249801635742
0.009072303771972656
0.011525392532348633
0.011198759078979492
0.011889219284057617
0.01670241355895996
0.00808572769165039
0.011919498443603516
0.016251325607299805
0.0013835430145263672
0.0026030540466308594
0.005678415298461914
0.009610414505004883
0.017858505249023438
0.008509397506713867
0.010860204696655273
0.009672164916992188
0.005495548248291016
0.011902332305908203
0.01964735984802246
0.006955385208129883
0.017390966415405273
0.01052093505859375
0.01634979248046875
0.013744592666625977
0.016256093978881836
0.013866424560546875
0.009162187576293945
0.0039691925048828125
0.010863780975341797
0.013738870620727539
0.01583075523376465
0.010712623596191406
0.016103506088256836
0.010158538818359375
0.016408205032348633
0.014984846115112305
0.014989852905273438
0.014224052429199219
0.015308141708374023
0.0033516883850097656
0.01460123062133789
0.008227348327636719
0.019725561141967773
0.0064237117767333984
0.019006729125976562
0.004563570022583008
0.016065359115600586
0.010547637939453125
0.005155086517333984
0.025643587112426758
0.018784523010253906
0.006787776947021484
0.012738943099975586
0.007609844207763672
0.013368844985961914
0.00893855094909668
0.00290679931640625
0.00909876823425293
0.01582646369934082
0.011577367782592773
0.015383720397949219
0.019927263259887695
0.009302616119384766
0.014778614044189453
0.005095243453979492
0.012591838836669922
0.015598058700561523
0.010097026824951172
0.015549182891845703
0.0095977783203125
0.01114201545715332
0.01414799690246582
0.013461828231811523
0.032439231872558594
0.004593849182128906
0.01817917823791504
0.011330842971801758
0.011849641799926758
0.015727996826171875
0.01294708251953125
0.007931947708129883
0.01528787612915039
0.001844167709350586
0.015243053436279297
0.017050504684448242
0.00748443603515625
0.007103443145751953
0.004148244857788086
0.012376546859741211
0.01443028450012207
0.005105733871459961
0.014826774597167969
0.008473396301269531
0.012981653213500977
0.015866518020629883
0.009755849838256836
0.009954690933227539
0.001995563507080078
0.014228343963623047
0.009522438049316406
0.009760379791259766
0.013027191162109375
0.0039768218994140625
0.005212306976318359
0.0188143253326416
0.005056142807006836
0.033933401107788086
0.005561351776123047
0.0018422603607177734
0.011354207992553711
0.005566835403442383
0.011736154556274414
0.015528678894042969
0.017396926879882812
0.013247966766357422
0.01313328742980957
0.011740684509277344
0.01356816291809082
0.0061571598052978516
0.014729499816894531
0.01959681510925293
0.014862060546875
0.012932062149047852
0.005441188812255859
0.002733945846557617
0.015406608581542969
0.015369415283203125
0.017748117446899414
0.008606433868408203
0.03169560432434082
0.012612581253051758
0.0006763935089111328
0.019918203353881836
0.008618593215942383
0.010170459747314453
0.006748199462890625
0.008522510528564453
0.004326581954956055
0.010653018951416016
0.012087821960449219
0.0038847923278808594
0.0065271854400634766
0.0064852237701416016
0.013338565826416016
0.008746623992919922
0.00570225715637207
0.011517763137817383
0.007977485656738281
0.014112234115600586
0.5452966690063477
0.006823062896728516
0.01000070571899414
0.016290903091430664
0.006865262985229492
0.014933347702026367
0.02044677734375
0.026749610900878906
0.0071828365325927734
0.01770925521850586
0.005686759948730469
0.0028467178344726562
0.005516767501831055
0.00765681266784668
0.009074926376342773
0.004984855651855469
0.022237300872802734
0.010334968566894531
0.01487112045288086
0.008623600006103516
0.010742425918579102
0.01622605323791504
0.0156252384185791
0.006772041320800781
0.016433238983154297
0.010663747787475586
0.008816957473754883
0.00790262222290039
0.012148857116699219
0.0179140567779541
0.012318849563598633
0.007477283477783203
0.009829998016357422
0.014064311981201172
0.015845775604248047
0.0029625892639160156
0.009563207626342773
0.010422706604003906
0.012205123901367188
0.021834611892700195
0.012603282928466797
0.01265263557434082
0.010055780410766602
0.017271995544433594
0.011068582534790039
0.011612176895141602
0.014272689819335938
0.012767553329467773
0.014702081680297852
0.005466461181640625
0.00915980339050293
0.025083303451538086
0.012089967727661133
0.012500286102294922
0.011111974716186523
0.015600919723510742
0.017078161239624023
0.013700485229492188
0.014087915420532227
0.008094310760498047
0.024242162704467773
0.008975028991699219
0.004206180572509766
0.017367124557495117
0.01747274398803711
0.016570329666137695
0.006072044372558594
0.01607227325439453
0.018862009048461914
0.017037153244018555
0.009799718856811523
0.0031194686889648438
0.0007276535034179688
0.005450725555419922
0.008980274200439453
0.017121076583862305
0.014196634292602539
0.010857820510864258
0.008340835571289062
0.000545501708984375
0.01640605926513672
0.018792152404785156
0.008891820907592773
0.007858037948608398
0.011662960052490234
0.02125406265258789
0.01415109634399414
0.012998580932617188
0.012843132019042969
0.012042760848999023
0.020944595336914062
0.00733637809753418
0.00702667236328125
0.017817974090576172
0.004103899002075195
0.011778116226196289
0.018993616104125977
0.01569986343383789
0.015348434448242188
0.0072596073150634766
0.01251530647277832
0.02332139015197754
0.0031807422637939453
0.014812946319580078
0.005266427993774414
0.0018765926361083984
0.0066967010498046875
0.015012741088867188
0.026954174041748047
0.0063130855560302734
0.020267009735107422
0.01633310317993164
0.0009572505950927734
0.009906530380249023
0.01396799087524414
0.016197919845581055
0.012808561325073242
0.007200956344604492
0.009871959686279297
0.004912376403808594
0.008388996124267578
0.009169340133666992
0.011006832122802734
0.0050351619720458984
0.011888742446899414
0.007844209671020508
0.011562347412109375
0.0164947509765625
0.021776437759399414
0.007466793060302734
0.005288124084472656
0.016939163208007812
0.007964611053466797
0.01579427719116211
0.013890504837036133
0.010354757308959961
0.009815692901611328
0.008298635482788086
0.009409666061401367
0.015252113342285156
0.005671262741088867
0.012673616409301758
0.009473800659179688
0.003797769546508789
0.011007308959960938
0.01595616340637207
0.008403301239013672
0.014559268951416016
0.005186557769775391
0.01627373695373535
0.012266397476196289
0.021944284439086914
0.015383243560791016
0.009779930114746094
0.011816978454589844
0.008043766021728516
0.005419015884399414
0.005155324935913086
0.02384638786315918
0.027039766311645508
0.013437032699584961
0.005036115646362305
0.00963902473449707
0.0070037841796875
0.0097198486328125
0.012616872787475586
0.017306089401245117
0.006936073303222656
0.01475977897644043
0.008322954177856445
0.013419628143310547
0.004038095474243164
0.017333030700683594
0.012758493423461914
0.013387441635131836
0.009099245071411133
0.017477989196777344
0.004376888275146484
0.03206372261047363
0.007214546203613281
0.009855985641479492
0.014039754867553711
0.024703025817871094
0.010041475296020508
0.024283885955810547
0.003136157989501953
0.01958608627319336
0.00621485710144043
0.019373655319213867
0.012573957443237305
0.012278318405151367
0.018323421478271484
0.011178016662597656
0.01475977897644043
0.01561737060546875
0.019574880599975586
0.007645368576049805
0.005052804946899414
0.010719776153564453
0.012991905212402344
0.008436441421508789
0.014685630798339844
0.012595891952514648
0.006364345550537109
0.007932662963867188
0.0038161277770996094
0.004294872283935547
0.007525920867919922
0.003805875778198242
0.023020267486572266
0.008219242095947266
0.006662845611572266
0.0034618377685546875
0.009586334228515625
0.009819507598876953
0.0096435546875
0.00837087631225586
0.018350839614868164
0.016699790954589844
0.019922256469726562
0.01226353645324707
0.015719175338745117
0.010721206665039062
0.021010637283325195
0.005671024322509766
0.006785154342651367
0.012329339981079102
0.010244369506835938
0.00791621208190918
0.007982492446899414
0.008420467376708984
0.015280961990356445
0.01933574676513672
0.007521390914916992
0.020262956619262695
0.01132345199584961
0.00698542594909668
0.007539033889770508
0.010593414306640625
0.002369403839111328
0.004984140396118164
0.01106882095336914
0.02140045166015625
0.008106708526611328
0.006329774856567383
0.021538257598876953
0.021773815155029297
0.008300065994262695
0.009755134582519531
0.015482902526855469
0.0039827823638916016
0.012646198272705078
0.00506901741027832
0.014538288116455078
0.011260509490966797
0.016203641891479492
0.012077808380126953
0.019204139709472656
0.008847713470458984
0.005188465118408203
0.006969451904296875
0.01602005958557129
0.008539438247680664
0.010405302047729492
0.0052530765533447266
0.01213836669921875
0.0025823116302490234
0.0031070709228515625
0.02291107177734375
0.008709192276000977
0.004041433334350586
0.013462305068969727
0.005982875823974609
0.012130498886108398
0.01061701774597168
0.007659912109375
0.009037971496582031
0.014025688171386719
0.007357358932495117
0.01323556900024414
0.008632659912109375
0.007921457290649414
0.011213541030883789
0.00702667236328125
0.007925271987915039
0.0035927295684814453
0.013654470443725586
0.005612373352050781
0.006270647048950195
0.005369901657104492
0.012401342391967773
0.0021469593048095703
0.00978541374206543
0.012386322021484375
0.018706560134887695
0.014302730560302734
0.006262302398681641
0.033629417419433594
0.011657476425170898
0.003655672073364258
0.016341447830200195
0.008538246154785156
0.007166624069213867
0.004311800003051758
0.027913570404052734
0.008139371871948242
0.011258602142333984
0.005967378616333008
