0.23600339889526367
0.24866127967834473
0.16237401962280273
0.14286088943481445
0.006784200668334961
0.04994797706604004
0.08237385749816895
0.10272526741027832
0.04356503486633301
0.116241455078125
0.17635512351989746
0.21813321113586426
0.1946425437927246
0.15415358543395996
0.2110140323638916
0.08106732368469238
0.23871803283691406
0.19381237030029297
0.07491660118103027
0.04632449150085449
0.09941697120666504
0.17743277549743652
0.1075296401977539
0.1956033706665039
0.11651754379272461
0.0022041797637939453
0.21332645416259766
0.051657915115356445
0.18436074256896973
0.2052440643310547
0.16934418678283691
0.17949652671813965
0.08884382247924805
0.03742623329162598
0.04558134078979492
0.22800493240356445
0.19790148735046387
0.1584947109222412
0.11886119842529297
0.0942542552947998
0.053650617599487305
0.04203534126281738
0.15779471397399902
0.22269344329833984
0.17716336250305176
0.10832619667053223
0.14879226684570312
0.14483118057250977
0.032034873962402344
0.05612659454345703
0.1294093132019043
0.11491799354553223
0.20660781860351562
0.21694278717041016
0.18046998977661133
0.21806550025939941
0.05778002738952637
0.09774303436279297
0.033738136291503906
0.09113883972167969
0.13330841064453125
0.12807941436767578
0.1399211883544922
0.16434121131896973
0.07635903358459473
0.013236522674560547
0.12463879585266113
0.055403709411621094
0.13267874717712402
0.20734882354736328
0.1144564151763916
0.10504651069641113
0.19502019882202148
0.22112512588500977
0.08298969268798828
0.2194385528564453
0.15514802932739258
0.03163647651672363
0.21045732498168945
0.17013287544250488
0.0698080062866211
0.11095166206359863
0.03388786315917969
0.2128453254699707
0.2541790008544922
0.06145954132080078
0.10644221305847168
0.11227893829345703
0.2232193946838379
0.09560465812683105
0.18541669845581055
0.012923479080200195
0.22012543678283691
0.002471923828125
0.13308072090148926
0.028331279754638672
0.014282941818237305
0.16266155242919922
0.12584543228149414
0.21110820770263672
0.20670819282531738
0.14573884010314941
0.20097708702087402
0.1738121509552002
0.23362970352172852
0.0516817569732666
0.024079084396362305
0.13167023658752441
0.21720147132873535
0.10400938987731934
0.06185102462768555
0.01793050765991211
0.07236433029174805
0.14779162406921387
0.05533266067504883
0.08018088340759277
0.1420145034790039
0.17324590682983398
0.2315077781677246
0.07639145851135254
0.20975017547607422
0.02581477165222168
0.028847694396972656
0.03437328338623047
0.20031023025512695
0.20050382614135742
0.20951414108276367
0.13817739486694336
0.11645650863647461
0.055967092514038086
0.22855067253112793
0.1312546730041504
0.049652099609375
0.08055806159973145
0.19925236701965332
0.144761323928833
0.18869566917419434
0.1786208152770996
0.16036272048950195
0.13049077987670898
0.08273506164550781
0.031154632568359375
0.045085906982421875
0.1518564224243164
0.14448142051696777
0.02028965950012207
0.17049956321716309
0.008175849914550781
0.03580665588378906
0.14029669761657715
0.12389945983886719
0.17974305152893066
0.011995553970336914
0.0466303825378418
0.27809810638427734
0.08090448379516602
0.08297872543334961
0.0474088191986084
0.1738293170928955
0.18595433235168457
0.1262350082397461
0.005545377731323242
0.17389726638793945
0.1917557716369629
0.1857748031616211
0.010666608810424805
0.2422192096710205
0.14375925064086914
0.20422148704528809
0.15532374382019043
0.21668648719787598
0.2548518180847168
0.12926840782165527
0.09620475769042969
0.06089282035827637
0.04121685028076172
0.03746438026428223
0.017777681350708008
0.07077741622924805
0.14288020133972168
0.19928622245788574
0.23179030418395996
0.18143057823181152
0.24752521514892578
0.11896777153015137
0.180222749710083
0.12292098999023438
0.19569993019104004
0.04736065864562988
0.07085680961608887
0.18180203437805176
0.12208175659179688
0.2408902645111084
0.1877155303955078
0.21303224563598633
0.1981961727142334
0.13318634033203125
0.041474342346191406
0.03693556785583496
0.09560298919677734
0.1799302101135254
0.08418631553649902
0.021956205368041992
0.05567193031311035
0.04039406776428223
0.08884692192077637
0.038283348083496094
0.17137861251831055
0.19292855262756348
0.0981454849243164
0.21785187721252441
0.09580397605895996
0.20670604705810547
0.06698966026306152
0.12888097763061523
0.10871124267578125
0.10924363136291504
0.19858479499816895
0.13906168937683105
0.2123546600341797
0.12739825248718262
0.003381967544555664
0.006966114044189453
0.02085137367248535
0.17370080947875977
0.14545083045959473
0.24918103218078613
0.06657004356384277
0.04844856262207031
0.0630342960357666
0.07054257392883301
0.16469550132751465
0.14136099815368652
0.015519142150878906
0.06063580513000488
0.02604389190673828
0.04813718795776367
0.21334552764892578
0.0970914363861084
0.27573633193969727
0.18763160705566406
0.028628110885620117
0.14035320281982422
0.09476137161254883
0.0046541690826416016
0.1384439468383789
0.033597469329833984
0.19289207458496094
0.1686701774597168
0.15883493423461914
0.21978259086608887
0.016219377517700195
0.19629335403442383
0.017668724060058594
0.010004758834838867
0.25482726097106934
0.03352689743041992
0.007699489593505859
0.07660889625549316
0.2418527603149414
0.23344683647155762
0.19451165199279785
0.14850831031799316
0.1825265884399414
0.019152402877807617
0.15859198570251465
0.18532013893127441
0.1642141342163086
0.19219374656677246
0.030128955841064453
0.0574190616607666
0.16637086868286133
0.04223442077636719
0.09759140014648438
0.13426685333251953
0.023977994918823242
0.14853310585021973
0.09900426864624023
0.0505673885345459
0.1337580680847168
0.20673894882202148
0.1546008586883545
0.13486719131469727
0.19645977020263672
0.11168670654296875
0.21826481819152832
0.18309521675109863
0.10653495788574219
0.060877323150634766
0.12315225601196289
0.1732926368713379
0.09723043441772461
0.20341801643371582
0.010399103164672852
0.16475296020507812
0.11217069625854492
0.1221153736114502
0.14671659469604492
0.11709904670715332
0.08561158180236816
0.1304330825805664
0.1916637420654297
0.07954645156860352
0.015522003173828125
0.039728403091430664
0.1848163604736328
0.13083648681640625
0.23320364952087402
0.23920226097106934
0.049603939056396484
0.16243290901184082
0.08420348167419434
0.21739482879638672
0.0026929378509521484
0.22456789016723633
0.1941368579864502
0.0010442733764648438
0.0682528018951416
0.1248774528503418
0.02348804473876953
0.12285709381103516
0.15839838981628418
0.00439000129699707
0.056458234786987305
0.24678277969360352
0.1452178955078125
0.1686856746673584
0.1581428050994873
0.14694428443908691
0.14954042434692383
0.013031721115112305
0.2170884609222412
0.19265198707580566
0.1290600299835205
0.07517600059509277
0.029105424880981445
0.1585700511932373
0.043190956115722656
0.10225915908813477
0.21760821342468262
0.05959510803222656
0.09195184707641602
0.09756922721862793
0.13095450401306152
0.1255800724029541
0.14437627792358398
0.12175583839416504
0.11679506301879883
0.09925508499145508
0.043341875076293945
0.03995251655578613
0.03627133369445801
0.04283261299133301
0.024549007415771484
0.22372889518737793
0.011323928833007812
0.14890146255493164
0.20603466033935547
0.24718976020812988
0.17824649810791016
0.13791966438293457
0.08531808853149414
0.12810707092285156
0.18157386779785156
0.16343283653259277
0.047762393951416016
0.17004728317260742
0.08084940910339355
0.12925410270690918
0.17991375923156738
0.16962432861328125
0.10273885726928711
0.06584954261779785
0.07848668098449707
0.11157679557800293
0.030262470245361328
0.11934375762939453
0.2268843650817871
0.176131010055542
0.01617145538330078
0.06672549247741699
0.07679200172424316
0.011557579040527344
0.0714268684387207
0.08729910850524902
0.037058115005493164
0.2233119010925293
0.1915891170501709
0.023578166961669922
0.21094322204589844
0.09653282165527344
0.1293189525604248
0.09376215934753418
0.03369593620300293
0.1901707649230957
0.19339632987976074
0.09083867073059082
0.1935100555419922
0.15277981758117676
0.1542375087738037
0.2928187847137451
0.17650818824768066
0.11903762817382812
0.10268521308898926
0.19507646560668945
0.18468737602233887
0.03598308563232422
0.11035704612731934
0.08105731010437012
0.15244841575622559
0.22149062156677246
0.16103625297546387
0.1811203956604004
0.00843358039855957
0.057511091232299805
0.05646777153015137
0.03926801681518555
0.07365274429321289
0.1245732307434082
0.2143404483795166
0.01745748519897461
0.19782590866088867
0.03733325004577637
0.20485544204711914
0.15448427200317383
0.09686088562011719
0.04920172691345215
0.050330400466918945
0.16880202293395996
0.09465503692626953
0.17645668983459473
0.18130898475646973
0.1930854320526123
0.2065567970275879
0.21168041229248047
0.07919573783874512
0.021345853805541992
0.17827916145324707
0.05926966667175293
0.08110404014587402
0.16368985176086426
0.011446237564086914
0.2207331657409668
0.11867189407348633
0.026369094848632812
0.06544947624206543
0.0033168792724609375
0.07740497589111328
0.10231900215148926
0.13884782791137695
0.1985158920288086
0.03404831886291504
0.024276018142700195
0.2117149829864502
0.16523504257202148
0.04562973976135254
0.08661746978759766
0.03414773941040039
0.2504713535308838
0.14717984199523926
0.12346458435058594
0.12682080268859863
0.13979887962341309
0.19879579544067383
0.1478567123413086
0.21268224716186523
0.09435915946960449
0.2166762351989746
0.18168091773986816
0.042891740798950195
0.1690828800201416
0.08513522148132324
0.1524975299835205
0.16457891464233398
0.09342813491821289
0.1359400749206543
0.24301433563232422
0.06773114204406738
0.21057629585266113
0.1939079761505127
0.11909866333007812
0.08771371841430664
0.19433331489562988
0.07952642440795898
0.1799921989440918
0.16129207611083984
0.18812918663024902
0.18705296516418457
0.04889273643493652
0.0028734207153320312
0.06830072402954102
0.1200706958770752
0.09340023994445801
0.17840337753295898
0.036525726318359375
0.08320951461791992
0.21392202377319336
0.025912046432495117
0.06411933898925781
0.0168607234954834
0.17618155479431152
0.18695998191833496
0.029291868209838867
0.09907388687133789
0.04951786994934082
0.17975640296936035
0.09619855880737305
0.07520341873168945
0.018402814865112305
0.20808196067810059
0.2040417194366455
0.23049116134643555
0.10542130470275879
0.20594215393066406
0.2428431510925293
0.18550920486450195
0.2296895980834961
0.08957576751708984
0.21845555305480957
0.14387941360473633
0.17673230171203613
0.04401135444641113
0.21827125549316406
0.015233516693115234
0.0036182403564453125
0.21232128143310547
0.1993250846862793
0.07125186920166016
0.13414669036865234
0.049514055252075195
0.027347087860107422
0.07141280174255371
0.19025444984436035
0.07036972045898438
0.07279610633850098
0.02104496955871582
0.14258599281311035
0.2041933536529541
0.041379690170288086
0.0463557243347168
0.03158998489379883
0.23499250411987305
0.2563636302947998
0.20096397399902344
0.0184323787689209
0.019992589950561523
0.16196918487548828
0.1840510368347168
0.21457147598266602
0.16048908233642578
0.2185523509979248
0.0592503547668457
0.1842484474182129
0.10946297645568848
0.13422274589538574
0.09510445594787598
0.011118888854980469
0.10161948204040527
0.027487754821777344
0.18755769729614258
0.015986919403076172
0.11102628707885742
0.060767412185668945
0.172271728515625
0.03732752799987793
0.1434478759765625
0.050154685974121094
0.17498111724853516
0.13950109481811523
0.158311128616333
0.21603727340698242
0.01791691780090332
0.19589662551879883
0.22416448593139648
0.12047624588012695
0.08251571655273438
0.010089635848999023
0.16433382034301758
0.028708457946777344
0.22669649124145508
0.11919879913330078
0.08738946914672852
0.16975903511047363
0.06431388854980469
0.16823577880859375
0.09461116790771484
0.037512779235839844
0.036809444427490234
0.13901782035827637
0.017667770385742188
0.03817558288574219
0.1398155689239502
0.01816558837890625
0.08770465850830078
0.031427621841430664
0.030034542083740234
0.18162107467651367
0.050241947174072266
0.05258631706237793
0.0529940128326416
0.15773892402648926
0.17182707786560059
0.21459722518920898
0.019708871841430664
0.12109518051147461
0.17683148384094238
0.1297922134399414
0.0548248291015625
0.23578286170959473
0.15467572212219238
0.1275186538696289
0.059060096740722656
0.0697476863861084
0.2075052261352539
0.17078781127929688
0.08680105209350586
0.05268359184265137
0.15438461303710938
0.06695199012756348
0.13492083549499512
0.22147202491760254
0.09786343574523926
0.1528027057647705
0.025939226150512695
0.07184720039367676
0.011692285537719727
0.06680631637573242
0.16141748428344727
0.022933244705200195
0.020722627639770508
0.08721017837524414
0.10313844680786133
0.0045888423919677734
0.0077702999114990234
0.20769166946411133
0.18732166290283203
0.17960572242736816
0.12421774864196777
0.17687296867370605
0.11626744270324707
0.20796656608581543
0.1961076259613037
0.05202484130859375
0.12077188491821289
0.10658597946166992
0.0861821174621582
0.0666658878326416
0.10031676292419434
0.0814063549041748
0.1794741153717041
0.02447223663330078
0.07327413558959961
0.2522866725921631
0.06435227394104004
0.05150294303894043
0.06012105941772461
0.2320423126220703
0.20845270156860352
0.02941608428955078
0.07493066787719727
0.13104724884033203
0.2076869010925293
0.10974740982055664
0.09878683090209961
0.05009746551513672
0.09997749328613281
0.23824763298034668
0.18256783485412598
0.15611553192138672
0.16828703880310059
0.08988714218139648
0.20541882514953613
0.1549060344696045
0.03989744186401367
0.09289979934692383
0.1960892677307129
0.17162084579467773
0.1871490478515625
0.043875932693481445
0.14834141731262207
0.15994906425476074
0.1959841251373291
0.1996166706085205
0.11918020248413086
0.1304454803466797
0.01766824722290039
0.5020852088928223
0.12053108215332031
0.1555330753326416
0.15235495567321777
0.06553864479064941
0.21775078773498535
0.08042669296264648
0.019622325897216797
0.09878969192504883
0.14978551864624023
0.11663675308227539
0.21591448783874512
0.07264924049377441
0.06559562683105469
0.10038232803344727
0.06186652183532715
0.16822052001953125
0.07021856307983398
0.1766829490661621
0.2493283748626709
0.02429986000061035
0.1529679298400879
0.21441364288330078
0.0085906982421875
0.07245922088623047
0.08789205551147461
0.0632469654083252
0.01777791976928711
0.0877676010131836
0.2074897289276123
0.08140778541564941
0.18393301963806152
0.13248205184936523
0.005991935729980469
0.2297351360321045
0.09777045249938965
0.18947124481201172
0.10764551162719727
0.11337661743164062
0.05073380470275879
0.11212682723999023
0.0740365982055664
0.09089088439941406
0.14950180053710938
0.1946103572845459
0.07307600975036621
0.19177961349487305
0.009629011154174805
0.12433552742004395
0.03252291679382324
0.0641937255859375
0.16330575942993164
0.20491385459899902
0.17412614822387695
0.14185857772827148
0.06577920913696289
0.002438068389892578
0.10364603996276855
0.14033985137939453
0.16994762420654297
0.12772703170776367
0.23276925086975098
0.20381736755371094
0.16271543502807617
0.04641366004943848
0.11841082572937012
0.1576547622680664
0.16398096084594727
0.10388922691345215
0.052404165267944336
0.02797985076904297
0.13784360885620117
0.11759686470031738
0.17297983169555664
0.21979498863220215
0.16600489616394043
0.19220685958862305
0.1949617862701416
0.1420421600341797
0.23357486724853516
0.20433783531188965
0.14731383323669434
0.010102510452270508
0.11206603050231934
0.15032529830932617
0.20899438858032227
0.050076961517333984
0.16794633865356445
0.1538395881652832
0.06664323806762695
0.03015923500061035
0.10958194732666016
0.0897824764251709
0.21834421157836914
0.2020561695098877
0.07703423500061035
0.12481045722961426
0.1593613624572754
0.04339098930358887
0.20717430114746094
0.06298303604125977
0.008726358413696289
0.020592451095581055
0.0914602279663086
0.08611392974853516
0.12721467018127441
0.0419309139251709
0.19398927688598633
0.24372529983520508
0.16249823570251465
0.07105302810668945
0.16591405868530273
0.2159900665283203
0.07604193687438965
0.04608726501464844
0.22523975372314453
0.008528947830200195
0.0844278335571289
0.2035367488861084
0.06844305992126465
0.014444589614868164
0.2174685001373291
0.21227812767028809
0.3845193386077881
0.08048510551452637
0.1179802417755127
0.20430588722229004
0.14400815963745117
0.0767207145690918
0.24515509605407715
0.008244037628173828
0.06307768821716309
0.08814692497253418
0.13126540184020996
0.08470010757446289
0.04036760330200195
0.05940890312194824
0.21842670440673828
0.0799551010131836
0.030330419540405273
0.23398900032043457
0.22359967231750488
0.23041939735412598
0.021785974502563477
0.05501556396484375
0.21181821823120117
0.11736822128295898
0.18128514289855957
0.028750181198120117
0.10765981674194336
0.12799596786499023
0.08522439002990723
0.1818249225616455
0.05291032791137695
0.16385889053344727
0.12260842323303223
0.2509469985961914
0.17647814750671387
0.10146665573120117
0.2095017433166504
0.13533234596252441
0.11615443229675293
0.22706818580627441
0.19542145729064941
0.18328237533569336
0.0013158321380615234
0.07257771492004395
0.24707436561584473
0.2478477954864502
0.16365933418273926
0.2080850601196289
0.22713708877563477
0.051851749420166016
0.0491786003112793
0.05261492729187012
0.16925573348999023
0.23328256607055664
0.16956615447998047
0.05672717094421387
0.10419297218322754
0.2265033721923828
0.14409732818603516
0.15470528602600098
0.07113003730773926
0.10586690902709961
0.12084102630615234
0.17880606651306152
0.07061052322387695
0.13786673545837402
0.11644411087036133
0.22182226181030273
0.20401263236999512
0.01512765884399414
0.16179776191711426
0.11385846138000488
0.11185836791992188
0.10512423515319824
0.24992108345031738
0.18493008613586426
0.08597660064697266
0.1093909740447998
0.16877412796020508
0.021352052688598633
0.21297025680541992
0.11333084106445312
0.2260596752166748
0.09798860549926758
0.18840527534484863
0.1606888771057129
0.015070438385009766
0.019189834594726562
0.09424877166748047
0.13463497161865234
0.24279475212097168
0.04383206367492676
0.02733755111694336
0.09358787536621094
0.1925961971282959
0.1821591854095459
0.009706974029541016
0.08137202262878418
0.07054519653320312
0.2153303623199463
0.21892333030700684
0.14665532112121582
0.007065534591674805
0.16958260536193848
0.06515383720397949
0.5002894401550293
0.03071737289428711
0.01623249053955078
0.16320586204528809
0.1758112907409668
0.15741610527038574
0.11044430732727051
0.07420039176940918
0.09320998191833496
0.010408639907836914
0.23798656463623047
0.2217562198638916
0.05038261413574219
0.0633234977722168
0.0382235050201416
0.2011582851409912
0.13243508338928223
0.22496533393859863
0.1381547451019287
0.025573015213012695
0.014933109283447266
0.039260149002075195
0.18134641647338867
0.0350339412689209
0.026562929153442383
0.08150458335876465
0.14864897727966309
0.04140043258666992
0.21421551704406738
0.08782601356506348
0.13204193115234375
0.17035365104675293
0.11815261840820312
0.12162041664123535
0.05388331413269043
0.2293412685394287
0.012961864471435547
0.17331624031066895
0.12212729454040527
0.18763017654418945
0.08649039268493652
0.1235649585723877
0.0683894157409668
0.0689237117767334
0.20331263542175293
0.024724245071411133
0.18993711471557617
0.1266462802886963
0.09138822555541992
0.005842685699462891
0.12338399887084961
0.012969493865966797
0.10130572319030762
0.23632216453552246
0.02790999412536621
0.1912698745727539
0.10726428031921387
0.1829085350036621
0.095367431640625
0.21331048011779785
0.1251204013824463
0.35559844970703125
0.05744743347167969
0.23613405227661133
0.05218935012817383
0.20955824851989746
0.14812088012695312
0.10757589340209961
0.06058549880981445
0.03333234786987305
0.0327303409576416
0.20541691780090332
0.19156169891357422
0.07232403755187988
0.1443023681640625
0.07080531120300293
0.11531925201416016
0.13889646530151367
0.02892279624938965
0.024961233139038086
0.05755615234375
0.15314674377441406
0.12293410301208496
0.07033085823059082
0.12948203086853027
0.0919952392578125
0.03717613220214844
0.18584656715393066
0.15461230278015137
0.04265642166137695
0.14977025985717773
0.024449825286865234
0.0938417911529541
0.05699658393859863
0.16417694091796875
0.16434144973754883
0.006108999252319336
0.026069164276123047
0.1856396198272705
0.14200234413146973
0.1416027545928955
0.03393983840942383
0.025269031524658203
0.0818488597869873
0.027650117874145508
0.03121662139892578
0.24040508270263672
0.18414759635925293
0.1674041748046875
0.16486716270446777
0.20431065559387207
0.20136189460754395
0.04137611389160156
0.15062832832336426
0.049944400787353516
0.16938209533691406
0.1253681182861328
0.09685277938842773
0.12061357498168945
0.10425901412963867
0.045464515686035156
0.007887840270996094
0.16312885284423828
0.06963777542114258
0.17572402954101562
0.09903812408447266
0.19203829765319824
0.22096943855285645
0.04399251937866211
0.13080811500549316
0.20920848846435547
0.028281688690185547
0.08076190948486328
0.045484304428100586
0.19081664085388184
0.22334671020507812
0.22537922859191895
0.18159198760986328
0.0858919620513916
0.13611483573913574
0.004916667938232422
0.02747058868408203
0.04593300819396973
0.19917893409729004
0.03649020195007324
0.09432148933410645
0.00041866302490234375
0.06278777122497559
0.15714144706726074
0.14703130722045898
0.1264944076538086
0.07556295394897461
0.09688186645507812
0.13593530654907227
0.21506047248840332
0.05283093452453613
0.05058479309082031
0.19908857345581055
0.2088782787322998
0.0844879150390625
0.2016608715057373
0.24276518821716309
0.16015172004699707
0.17734384536743164
0.019648075103759766
0.2208878993988037
0.2119276523590088
0.11770391464233398
0.09796547889709473
0.01901388168334961
0.11738252639770508
0.07723021507263184
0.1005711555480957
0.0209658145904541
0.1795825958251953
0.02248406410217285
0.1867530345916748
0.031148910522460938
0.03301715850830078
0.13155317306518555
0.5723578929901123
0.07854700088500977
0.03096175193786621
0.08074021339416504
0.0004589557647705078
0.11365532875061035
0.09102153778076172
0.05652761459350586
0.09608769416809082
0.20335769653320312
0.029877662658691406
0.2424790859222412
0.05118513107299805
0.1687610149383545
0.1304311752319336
0.19469094276428223
0.25609874725341797
0.15626811981201172
0.2149639129638672
0.19798064231872559
0.13548970222473145
0.10674571990966797
0.09661054611206055
0.1636056900024414
0.05286049842834473
0.13968253135681152
0.21578288078308105
0.04634547233581543
0.15531635284423828
0.192488431930542
0.04465007781982422
0.07704782485961914
0.12085294723510742
0.03271055221557617
0.283505916595459
0.08878397941589355
0.043707847595214844
0.14578843116760254
0.16138052940368652
0.01595902442932129
0.018761873245239258
0.16575145721435547
0.16141438484191895
0.03231334686279297
0.0315699577331543
0.07725262641906738
0.045439720153808594
0.2342991828918457
0.12491202354431152
0.12752962112426758
0.06691789627075195
0.003180980682373047
0.19340085983276367
0.1115119457244873
0.2061154842376709
0.05404806137084961
0.18175911903381348
0.20569157600402832
0.01684713363647461
0.22090935707092285
0.1485428810119629
0.1699678897857666
0.22713303565979004
0.058374881744384766
0.0227353572845459
0.03649783134460449
0.10197305679321289
0.013686180114746094
0.05239748954772949
0.20749449729919434
0.03986668586730957
0.16845321655273438
0.050000667572021484
0.14343690872192383
0.11461067199707031
0.11665701866149902
0.10283160209655762
0.02416825294494629
0.16802191734313965
0.1981339454650879
0.2317183017730713
0.0604555606842041
0.13010954856872559
0.0540926456451416
0.04548287391662598
0.08290791511535645
0.18860673904418945
0.06924009323120117
0.01595306396484375
0.10861992835998535
0.10820603370666504
0.23215174674987793
0.10739374160766602
0.10100317001342773
0.03351879119873047
0.20045709609985352
0.04479479789733887
0.0567781925201416
0.08197641372680664
0.060568809509277344
0.19212937355041504
0.0060672760009765625
0.21917057037353516
0.1960282325744629
0.06464958190917969
0.04893350601196289
0.22933101654052734
0.2493891716003418
0.18648576736450195
0.15597820281982422
0.14912033081054688
0.14495611190795898
0.04216742515563965
0.18347787857055664
0.011394739151000977
0.23671579360961914
0.054708003997802734
0.1067202091217041
0.22940301895141602
0.19395804405212402
0.06944036483764648
0.0030760765075683594
0.15107512474060059
0.052342891693115234
0.019884824752807617
0.06259846687316895
0.21499371528625488
0.07985520362854004
0.2718832492828369
0.10715699195861816
0.11569762229919434
0.012261390686035156
0.16522765159606934
0.04763174057006836
0.026242971420288086
0.2040238380432129
0.2418529987335205
0.04133439064025879
0.12810659408569336
0.2103722095489502
0.0486149787902832
0.24357914924621582
0.07943439483642578
0.22218585014343262
0.22114205360412598
0.15021395683288574
0.18241262435913086
0.10478448867797852
0.0362396240234375
0.06354284286499023
0.19627070426940918
0.03506636619567871
0.15233445167541504
0.029023408889770508
0.08931398391723633
0.020786046981811523
0.025389432907104492
0.1917099952697754
0.06473898887634277
0.2457261085510254
0.02529144287109375
0.16959428787231445
0.20510530471801758
0.14432883262634277
0.1418461799621582
0.14580225944519043
0.16166162490844727
0.08300185203552246
0.21608543395996094
0.07210922241210938
0.21074247360229492
0.11475396156311035
0.0642549991607666
0.043352365493774414
0.02052617073059082
0.10188746452331543
0.18057751655578613
0.139847993850708
0.1371452808380127
0.11713004112243652
0.2559473514556885
0.12678074836730957
0.2551848888397217
0.18118572235107422
0.21714043617248535
0.1547551155090332
0.18436098098754883
0.1604907512664795
0.12200188636779785
0.1731886863708496
0.0341641902923584
0.027175426483154297
0.1383039951324463
0.21303129196166992
0.07211995124816895
0.25011706352233887
0.1231846809387207
0.11420345306396484
0.17256975173950195
0.16664981842041016
0.1678457260131836
0.05079030990600586
0.11609673500061035
0.0719442367553711
0.16713619232177734
0.14057040214538574
0.19450592994689941
0.25504136085510254
0.06510305404663086
0.19146227836608887
0.15434813499450684
0.18845176696777344
0.013693094253540039
0.03330039978027344
0.027803659439086914
0.13343286514282227
0.17273235321044922
0.20424890518188477
0.0165560245513916
0.17464995384216309
0.028757095336914062
0.05640864372253418
0.0555269718170166
0.05096149444580078
0.20679140090942383
0.0661928653717041
0.10925507545471191
0.19923758506774902
0.2336416244506836
0.15550708770751953
0.1511690616607666
0.2287137508392334
0.03402280807495117
0.09451127052307129
0.14238882064819336
0.07560610771179199
0.09402942657470703
0.05418562889099121
0.15696930885314941
0.11646032333374023
0.15518641471862793
0.21473360061645508
0.027971267700195312
0.22269892692565918
0.10206937789916992
0.19701218605041504
0.20542478561401367
0.1299893856048584
0.15917325019836426
0.09119391441345215
0.0290987491607666
0.12530016899108887
0.15978026390075684
0.09101557731628418
0.08590531349182129
0.09953427314758301
0.04985928535461426
0.1850292682647705
0.1838235855102539
0.18141412734985352
0.00403594970703125
0.05793428421020508
0.1694798469543457
0.22544550895690918
0.21598482131958008
0.07403731346130371
0.20411181449890137
0.11841559410095215
0.13620591163635254
0.09535980224609375
0.16838955879211426
0.09293723106384277
0.07324075698852539
0.0035161972045898438
0.0626988410949707
0.21860957145690918
0.0065114498138427734
0.0694427490234375
0.0957493782043457
0.15061140060424805
0.14333415031433105
0.24054670333862305
0.1560530662536621
0.19000577926635742
0.11902880668640137
0.027381181716918945
0.018839359283447266
0.13661885261535645
0.18512415885925293
0.20616674423217773
0.09115338325500488
0.1072685718536377
0.0737614631652832
0.156480073928833
0.011318683624267578
0.0832974910736084
0.144667387008667
0.19007301330566406
0.024280309677124023
0.20790767669677734
0.10315775871276855
0.11169099807739258
0.18685269355773926
0.060808420181274414
0.04700016975402832
0.21413254737854004
0.03292274475097656
0.14167404174804688
0.21718478202819824
0.22011137008666992
0.07702755928039551
0.2290973663330078
0.07569503784179688
0.10276174545288086
0.1845099925994873
0.09081053733825684
0.05583834648132324
0.02686786651611328
0.22900962829589844
0.16531062126159668
0.07703971862792969
0.10735416412353516
0.17798137664794922
0.1276865005493164
0.04341006278991699
0.184859037399292
0.1815958023071289
0.2162792682647705
0.03979063034057617
0.17440295219421387
0.21474671363830566
0.01644587516784668
0.21184420585632324
0.025972604751586914
0.050180912017822266
0.14351320266723633
0.16788864135742188
0.06227731704711914
0.04123187065124512
0.1845860481262207
0.015188932418823242
0.08282089233398438
0.12780189514160156
0.16011261940002441
0.2707974910736084
0.0636587142944336
0.002857685089111328
0.06257772445678711
0.19781208038330078
0.13246369361877441
0.07693767547607422
0.23020076751708984
0.09330987930297852
0.11972975730895996
0.11258649826049805
0.10634994506835938
0.05935335159301758
0.007697582244873047
0.010565996170043945
0.15686464309692383
0.024717330932617188
0.24793171882629395
0.18437552452087402
0.043114423751831055
0.17603373527526855
0.15096116065979004
0.19901084899902344
0.18005013465881348
0.1723346710205078
0.07445549964904785
0.1078953742980957
0.323833703994751
0.08972716331481934
0.0228421688079834
0.22894740104675293
0.06487584114074707
0.08107757568359375
0.23039937019348145
0.0064814090728759766
0.24308300018310547
0.13956856727600098
0.15790128707885742
0.02475452423095703
0.07739591598510742
0.0010657310485839844
0.2370312213897705
0.2773902416229248
0.04597806930541992
0.16673874855041504
0.1850121021270752
0.22501826286315918
0.2578914165496826
0.14717745780944824
0.028011560440063477
0.13504981994628906
0.15923118591308594
0.08906769752502441
0.1863722801208496
0.2229912281036377
0.21947407722473145
0.09150481224060059
0.22550082206726074
0.09741973876953125
0.24981474876403809
0.14603710174560547
0.1359264850616455
0.03651261329650879
0.2545955181121826
0.22691082954406738
0.1636502742767334
0.09491658210754395
0.17305588722229004
0.06298708915710449
0.013440847396850586
0.2344362735748291
0.13036251068115234
0.027655601501464844
0.1272430419921875
0.1573476791381836
0.05700206756591797
0.07878994941711426
0.04603981971740723
0.20430588722229004
0.06815052032470703
0.11327457427978516
0.09397053718566895
0.1035466194152832
0.16556739807128906
0.2102830410003662
0.07498884201049805
0.22913599014282227
0.11219024658203125
0.0347139835357666
0.03425455093383789
0.1812114715576172
0.06286072731018066
0.15711665153503418
0.13382458686828613
0.028598308563232422
0.12070107460021973
0.1539919376373291
0.07613444328308105
0.07143282890319824
0.10432171821594238
0.15247106552124023
0.039960384368896484
0.15029478073120117
0.03448653221130371
0.11105060577392578
0.1760265827178955
0.0385279655456543
0.0966334342956543
0.05318617820739746
0.1406574249267578
0.06452727317810059
0.20630621910095215
0.1898338794708252
0.16568231582641602
0.006737709045410156
0.2403256893157959
0.21974492073059082
0.05994415283203125
0.21542119979858398
0.09576416015625
0.05713057518005371
0.007911443710327148
0.25129222869873047
0.12295651435852051
0.11505293846130371
0.22075247764587402
0.09821224212646484
0.21227335929870605
0.15233349800109863
0.1231989860534668
0.09066319465637207
0.06946134567260742
0.04747653007507324
0.1914989948272705
0.09555268287658691
0.22878623008728027
0.2192237377166748
0.07256555557250977
0.009923934936523438
0.21947312355041504
0.1835646629333496
0.18463349342346191
0.1112978458404541
0.1518394947052002
0.17163681983947754
0.15291762351989746
0.18394994735717773
0.22807788848876953
0.10705757141113281
0.16780734062194824
0.12305355072021484
0.12993383407592773
0.2280879020690918
0.08561515808105469
0.12000203132629395
0.002879619598388672
0.2160322666168213
0.06294035911560059
0.12986063957214355
0.16195297241210938
0.11403727531433105
0.1871182918548584
0.1629629135131836
0.03937101364135742
0.1416492462158203
0.1635575294494629
0.22457504272460938
0.05117225646972656
0.13905978202819824
0.05014753341674805
0.16538333892822266
0.20536470413208008
0.12450981140136719
0.16310691833496094
0.16803693771362305
0.0617218017578125
0.052721261978149414
0.14672398567199707
0.04022836685180664
0.04150581359863281
0.06269979476928711
0.0511164665222168
0.04596543312072754
0.18256592750549316
0.2079463005065918
0.10165095329284668
0.2057497501373291
0.26657557487487793
0.2216944694519043
0.22109103202819824
0.21149063110351562
0.16193509101867676
0.0880899429321289
0.07967734336853027
0.1373291015625
0.017180919647216797
0.07846212387084961
0.1453549861907959
0.2087399959564209
0.16339731216430664
0.16022157669067383
0.21748876571655273
0.1989424228668213
0.22423219680786133
0.047686100006103516
0.08699989318847656
0.08379292488098145
0.022826194763183594
0.09319138526916504
0.13750243186950684
0.1230921745300293
0.235975980758667
0.33109569549560547
0.23871374130249023
0.0313878059387207
0.11951470375061035
0.14586997032165527
0.1690058708190918
0.18448281288146973
0.1236572265625
0.08064842224121094
0.14626288414001465
0.13369154930114746
0.13825249671936035
0.07609105110168457
0.025032997131347656
0.16213202476501465
0.006838798522949219
0.198225736618042
0.17795205116271973
0.04955649375915527
0.13065385818481445
0.12021660804748535
0.06571745872497559
0.08060503005981445
0.042852163314819336
0.014960527420043945
0.002691984176635742
0.12647056579589844
0.2986109256744385
0.10879158973693848
0.1728532314300537
0.1246943473815918
0.09155893325805664
0.022973060607910156
0.026685714721679688
0.22856664657592773
0.0183870792388916
0.06745100021362305
0.07569336891174316
0.14815378189086914
0.12384915351867676
0.21422934532165527
0.21805047988891602
0.07104635238647461
0.10693812370300293
0.22452425956726074
0.04900956153869629
0.05226731300354004
0.09127449989318848
0.19313812255859375
0.20841240882873535
0.05426526069641113
0.01867198944091797
0.21129798889160156
0.06590580940246582
0.06934952735900879
0.12000036239624023
0.09680986404418945
0.2188282012939453
0.19847822189331055
0.02198958396911621
0.1651904582977295
0.17656612396240234
0.13634681701660156
0.22993874549865723
0.22517085075378418
0.08974051475524902
0.1269969940185547
0.22951102256774902
0.24205827713012695
0.0437922477722168
0.14392709732055664
0.1664736270904541
0.24165964126586914
0.07054877281188965
0.22080469131469727
0.06171250343322754
0.06356096267700195
0.18358659744262695
0.022613048553466797
0.023192882537841797
0.015678882598876953
0.2211620807647705
0.2496051788330078
0.008301973342895508
0.08700275421142578
0.10301804542541504
0.20624923706054688
0.02241992950439453
0.10549736022949219
0.1438312530517578
0.2718789577484131
0.021006107330322266
0.15769100189208984
0.0178835391998291
0.013274431228637695
0.1669008731842041
0.2021491527557373
0.0296630859375
0.06278586387634277
0.12058901786804199
0.04172873497009277
0.2157151699066162
0.01112675666809082
0.13429784774780273
0.07875633239746094
0.16914582252502441
0.007984638214111328
0.1799333095550537
0.017133235931396484
0.1690504550933838
0.20217156410217285
0.015966176986694336
0.12504029273986816
0.13344836235046387
0.08586645126342773
0.15611481666564941
0.07049870491027832
0.0858304500579834
0.20294499397277832
0.16290664672851562
0.04408621788024902
0.06896615028381348
0.021121501922607422
0.01185297966003418
0.22249817848205566
0.18309473991394043
0.0484161376953125
0.025753021240234375
0.20254039764404297
0.1557471752166748
0.06455755233764648
0.022419452667236328
0.1440737247467041
0.05534768104553223
0.2123279571533203
0.16004657745361328
0.05711197853088379
0.0847010612487793
0.13617467880249023
0.09331226348876953
0.10144805908203125
0.07225751876831055
0.15897369384765625
0.1826329231262207
0.15896272659301758
0.1472644805908203
0.09353232383728027
0.06162571907043457
0.20866894721984863
0.13179588317871094
0.11358237266540527
0.2566056251525879
0.014973163604736328
0.011332511901855469
0.09023499488830566
0.0359344482421875
0.1804807186126709
0.11417651176452637
0.09934091567993164
0.059004783630371094
0.032984256744384766
0.11391019821166992
0.015454769134521484
0.171983003616333
0.205000638961792
0.10399103164672852
0.1504201889038086
0.0640418529510498
0.2148740291595459
0.20238375663757324
0.09345722198486328
0.07379841804504395
0.23218464851379395
0.20637297630310059
0.1947939395904541
0.06915760040283203
0.10696911811828613
0.0525209903717041
0.17729997634887695
0.14075207710266113
0.015113353729248047
0.06983447074890137
0.1257319450378418
0.09981226921081543
0.013972759246826172
0.09384465217590332
0.11311888694763184
0.02695465087890625
0.1811530590057373
0.041075706481933594
0.10381793975830078
0.09342455863952637
0.2206723690032959
0.10475420951843262
0.17056727409362793
0.1909635066986084
0.018892765045166016
0.12333869934082031
0.07572507858276367
0.10661125183105469
0.19603538513183594
0.07850885391235352
0.04889416694641113
0.0845944881439209
0.08482217788696289
0.20569276809692383
0.017262697219848633
0.020098447799682617
0.03365898132324219
0.004914999008178711
0.0742185115814209
0.018306255340576172
0.11506891250610352
0.13452816009521484
0.16571664810180664
0.06017756462097168
0.012454986572265625
0.11379289627075195
0.02068305015563965
0.10442996025085449
0.10588192939758301
0.14799261093139648
0.14211106300354004
0.06802773475646973
0.16736555099487305
0.1541299819946289
0.14788579940795898
0.3175215721130371
0.32480597496032715
0.04526662826538086
0.17065095901489258
0.18536877632141113
0.02961421012878418
0.24121713638305664
0.028224706649780273
0.12959671020507812
0.0005278587341308594
0.17217230796813965
0.09723877906799316
0.0485227108001709
0.07295513153076172
0.06868171691894531
0.09280872344970703
0.012453079223632812
0.10346651077270508
0.024800777435302734
0.02516961097717285
0.15486836433410645
0.07068657875061035
0.11403059959411621
0.09011530876159668
0.0802915096282959
0.09058952331542969
0.14302420616149902
0.06366157531738281
0.13044953346252441
0.03426480293273926
0.11967301368713379
0.09257173538208008
0.1431732177734375
0.009655952453613281
0.05054354667663574
0.12335991859436035
0.11828255653381348
0.056720733642578125
0.1036381721496582
0.04334139823913574
0.0036890506744384766
0.05486941337585449
0.07669854164123535
0.020718097686767578
0.04747366905212402
0.14018535614013672
0.045586585998535156
0.10233783721923828
0.03734755516052246
0.141005277633667
0.13179850578308105
0.08103251457214355
0.08063960075378418
0.12182354927062988
0.09099006652832031
0.09006285667419434
0.011055469512939453
0.1277751922607422
0.0336911678314209
0.04250812530517578
0.08447790145874023
0.11252045631408691
0.10151815414428711
0.06399989128112793
0.0573117733001709
0.022411108016967773
0.13665437698364258
0.1173710823059082
0.07129716873168945
0.030580520629882812
0.027315139770507812
0.07984113693237305
0.018210411071777344
0.05402207374572754
0.08895587921142578
0.0007941722869873047
0.0881040096282959
0.03156852722167969
0.10433793067932129
0.06383156776428223
0.05749392509460449
0.045166730880737305
0.05538201332092285
0.03977203369140625
0.09677338600158691
0.04178309440612793
0.04427194595336914
0.05625510215759277
0.008072853088378906
0.04900956153869629
0.004753589630126953
0.017668485641479492
0.10658001899719238
0.12431550025939941
0.07270693778991699
0.09580826759338379
0.13464617729187012
0.08393526077270508
0.022300243377685547
0.010929107666015625
0.0439913272857666
0.05767107009887695
0.027947664260864258
0.0027399063110351562
0.0848546028137207
0.11242008209228516
0.012714385986328125
0.012437105178833008
0.02106189727783203
0.13052153587341309
0.14359402656555176
0.12783479690551758
0.05296134948730469
0.13117456436157227
0.12233591079711914
0.09538149833679199
0.05718684196472168
0.11597514152526855
0.0668034553527832
0.07827162742614746
0.09977579116821289
0.07473397254943848
0.03405618667602539
0.09002566337585449
0.019557476043701172
0.007825613021850586
0.029911279678344727
0.03864789009094238
0.140167236328125
0.019954681396484375
0.09827017784118652
0.05108523368835449
0.08981537818908691
0.008278131484985352
0.05632448196411133
0.054190635681152344
0.006933927536010742
0.0006256103515625
0.053785085678100586
0.12675070762634277
0.06524968147277832
0.08283329010009766
0.026896953582763672
0.011689186096191406
0.053876638412475586
0.05864524841308594
0.08117437362670898
0.0442962646484375
0.055863142013549805
0.027847766876220703
0.0442354679107666
0.13704872131347656
0.0361328125
0.0354306697845459
0.06942343711853027
0.02026987075805664
0.04271435737609863
0.008686065673828125
0.08351302146911621
0.012557268142700195
0.04360604286193848
0.0388178825378418
0.03121328353881836
0.005521535873413086
0.08870291709899902
0.07901763916015625
0.04535412788391113
0.1094827651977539
0.0965569019317627
0.05340409278869629
0.00977778434753418
0.1064462661743164
0.05024361610412598
0.05588030815124512
0.06801104545593262
0.09933137893676758
0.04850888252258301
0.04543185234069824
0.08472967147827148
0.096893310546875
0.10411262512207031
0.0782468318939209
0.14521551132202148
0.029773473739624023
0.08394026756286621
0.07107019424438477
0.03101038932800293
0.08427262306213379
0.0991661548614502
0.019731760025024414
0.0884101390838623
0.008426189422607422
0.0025250911712646484
0.11755108833312988
0.11330127716064453
0.017577648162841797
0.04120922088623047
0.13740992546081543
0.009727954864501953
0.040877580642700195
0.08757257461547852
0.07882261276245117
0.011435508728027344
0.13143229484558105
0.11673188209533691
0.06159234046936035
0.08419227600097656
0.07862567901611328
0.14522862434387207
0.1218714714050293
0.12909460067749023
0.13497638702392578
0.02783203125
0.007588624954223633
0.11919736862182617
0.05189657211303711
0.10097241401672363
0.03026294708251953
0.0812375545501709
0.08136367797851562
0.020786762237548828
0.05120992660522461
0.07776427268981934
0.016824722290039062
0.09310173988342285
0.07589244842529297
0.09743738174438477
0.012019157409667969
0.050847530364990234
0.14361095428466797
0.0921640396118164
0.0475008487701416
0.06978511810302734
0.02825474739074707
0.03666377067565918
0.003422975540161133
0.014719724655151367
0.07688665390014648
0.1375741958618164
0.026781558990478516
0.04409193992614746
0.1293179988861084
0.14025425910949707
0.07664060592651367
0.12756562232971191
0.03365969657897949
0.01803278923034668
0.13967108726501465
0.10685324668884277
0.09326720237731934
0.04000711441040039
0.025811433792114258
0.11512017250061035
0.021491527557373047
0.008640289306640625
0.11266326904296875
0.144439697265625
0.032578229904174805
0.02662825584411621
0.08321022987365723
0.09770607948303223
0.03546142578125
0.029889345169067383
0.025915145874023438
0.01458883285522461
0.10953640937805176
0.010075569152832031
0.015424966812133789
0.07741475105285645
0.13480257987976074
0.13585758209228516
0.009332656860351562
0.10257291793823242
0.023394107818603516
0.03652000427246094
0.09911870956420898
0.12045955657958984
0.10215282440185547
0.09656739234924316
0.11878657341003418
0.03807854652404785
0.03264331817626953
0.0921015739440918
0.01980280876159668
0.07776212692260742
0.1187582015991211
0.08787035942077637
0.08239221572875977
0.09540581703186035
0.0944521427154541
0.08709883689880371
0.4066452980041504
0.012364625930786133
0.08842134475708008
0.14968109130859375
0.025340795516967773
0.13786673545837402
0.11409664154052734
0.057408809661865234
0.04990744590759277
0.03012990951538086
0.11978960037231445
0.1130530834197998
0.10474681854248047
0.13559556007385254
0.08525323867797852
0.0772240161895752
0.12362909317016602
0.13301610946655273
0.13675856590270996
0.11967325210571289
0.02585577964782715
0.004385471343994141
0.10692667961120605
0.12263989448547363
0.041312456130981445
0.13088107109069824
0.06726789474487305
0.1148979663848877
0.08352780342102051
0.09927845001220703
0.06005716323852539
0.07731938362121582
0.027514219284057617
0.0432591438293457
0.13695764541625977
0.07302618026733398
0.013466119766235352
0.1177070140838623
0.0008299350738525391
0.049024105072021484
0.03131437301635742
0.0776820182800293
0.12990379333496094
0.14458560943603516
0.13392066955566406
0.12209320068359375
0.0036725997924804688
0.0606691837310791
0.14123320579528809
0.06012845039367676
0.03510689735412598
0.00627899169921875
0.048081159591674805
0.015790224075317383
0.12415194511413574
0.021196842193603516
0.09993743896484375
0.031471967697143555
0.024278879165649414
0.12450432777404785
0.008226633071899414
0.13729238510131836
0.052960872650146484
0.1493675708770752
0.054967641830444336
0.05244255065917969
0.15286540985107422
0.06500816345214844
0.07223367691040039
0.08990669250488281
0.07703924179077148
0.000274658203125
0.0008869171142578125
0.08048272132873535
0.04755520820617676
0.01559758186340332
0.10036730766296387
0.1208643913269043
0.07750535011291504
0.13741517066955566
0.09379982948303223
0.1423814296722412
0.09656810760498047
0.10911440849304199
0.03048229217529297
0.09287118911743164
0.026123762130737305
0.07384824752807617
0.00509190559387207
0.07306241989135742
0.0018279552459716797
0.03771543502807617
0.028809070587158203
0.13132357597351074
0.06291627883911133
0.13022422790527344
0.0426640510559082
0.13472676277160645
0.02883768081665039
0.009416580200195312
0.07855796813964844
0.11395025253295898
0.05945611000061035
0.10070085525512695
0.07384324073791504
0.04729604721069336
0.09883499145507812
0.022305011749267578
0.0977640151977539
0.05308103561401367
0.0682077407836914
0.07562875747680664
0.04100656509399414
0.10278749465942383
0.019273996353149414
0.03550219535827637
0.04472637176513672
0.05852055549621582
0.03916645050048828
0.11239361763000488
0.08626151084899902
0.12205314636230469
0.11945319175720215
0.1403646469116211
0.08093094825744629
0.04050588607788086
0.13277387619018555
0.1276264190673828
0.12120223045349121
0.08616304397583008
0.0072479248046875
0.07459759712219238
0.07966828346252441
0.07418155670166016
0.058294057846069336
0.08024215698242188
0.14038443565368652
0.05597519874572754
0.031946420669555664
0.07051730155944824
0.030584096908569336
0.035952091217041016
0.1372361183166504
0.004665851593017578
0.03539013862609863
0.08115196228027344
0.08649230003356934
0.012734651565551758
0.014936208724975586
0.068115234375
0.05628609657287598
0.03678131103515625
0.08180761337280273
0.012450218200683594
0.00180816650390625
0.03568553924560547
0.14182162284851074
0.13591885566711426
0.05405402183532715
0.03711199760437012
0.06556582450866699
0.06503105163574219
0.015567302703857422
0.11439275741577148
0.08844828605651855
0.0667424201965332
0.14928317070007324
0.023177146911621094
0.07007551193237305
0.023763656616210938
0.026938915252685547
0.02770853042602539
0.15099263191223145
0.03199291229248047
0.1207427978515625
0.16364812850952148
0.008756875991821289
0.07036304473876953
0.060976266860961914
0.05359315872192383
0.0636293888092041
0.12749838829040527
0.0939016342163086
0.0470433235168457
0.08328843116760254
0.11038327217102051
0.00032830238342285156
0.1496565341949463
0.10010766983032227
0.1019597053527832
0.05056166648864746
0.058493614196777344
0.02372908592224121
0.07709503173828125
0.06072378158569336
0.13994908332824707
0.08675527572631836
0.09871697425842285
0.083221435546875
0.016022443771362305
0.07445168495178223
0.06622004508972168
0.09360861778259277
0.0026836395263671875
0.007550477981567383
0.011493921279907227
0.06960749626159668
0.10884928703308105
0.1419830322265625
0.063812255859375
0.1619269847869873
0.05478405952453613
0.04706287384033203
0.13149285316467285
0.017847776412963867
0.03417801856994629
0.10097885131835938
0.12608623504638672
0.047727346420288086
0.06938338279724121
0.0069429874420166016
0.033348798751831055
0.04898977279663086
0.1052858829498291
0.021166086196899414
0.04225325584411621
0.057315826416015625
0.09497570991516113
0.09264016151428223
0.046991586685180664
0.12476229667663574
0.0473933219909668
0.010438680648803711
0.11934876441955566
0.01312398910522461
0.12883353233337402
0.0865933895111084
0.14664268493652344
0.13372063636779785
0.07364511489868164
0.009642601013183594
0.03248786926269531
0.08695673942565918
0.04445457458496094
0.1107935905456543
0.028360843658447266
0.08870196342468262
0.011168956756591797
0.0698390007019043
0.0008881092071533203
0.07829666137695312
0.009278059005737305
0.020664453506469727
0.07960033416748047
0.0976872444152832
0.06097698211669922
0.12814950942993164
0.10730743408203125
0.02306675910949707
0.08292746543884277
0.013766765594482422
0.12551164627075195
0.10954570770263672
0.05140566825866699
0.10155391693115234
0.07342386245727539
0.12833881378173828
0.09129810333251953
0.11756062507629395
0.036827802658081055
0.09874176979064941
0.0199282169342041
0.045781612396240234
0.08168220520019531
0.005236387252807617
0.08392572402954102
0.01182699203491211
0.06737899780273438
0.03213620185852051
0.1322023868560791
0.13642668724060059
0.025203943252563477
0.10889005661010742
0.11902642250061035
0.14458107948303223
0.10370945930480957
0.06518411636352539
0.1437983512878418
0.140883207321167
0.08117556571960449
0.05862760543823242
0.08095049858093262
0.06350564956665039
0.06329464912414551
0.09477615356445312
0.09673929214477539
0.12375307083129883
0.1683030128479004
0.0003123283386230469
0.11516666412353516
0.03935098648071289
0.07965445518493652
0.08888530731201172
0.009401559829711914
0.06737160682678223
0.09774017333984375
0.13837456703186035
0.05522441864013672
0.14623808860778809
0.12193870544433594
0.06005573272705078
0.027443647384643555
0.010713577270507812
0.03878450393676758
0.022049903869628906
0.026476621627807617
0.11237192153930664
0.14043569564819336
0.09535479545593262
0.14719176292419434
0.14726781845092773
0.14034771919250488
0.06394386291503906
0.13811206817626953
0.1282210350036621
0.03267240524291992
0.11016464233398438
0.1085507869720459
0.05953192710876465
0.06783914566040039
0.0746769905090332
0.0024709701538085938
0.035924673080444336
0.14990568161010742
0.13640499114990234
0.05650496482849121
0.14361834526062012
0.11447024345397949
0.06203198432922363
0.13802123069763184
0.12160611152648926
0.14767742156982422
0.13768386840820312
0.07046270370483398
0.03168821334838867
0.002184629440307617
0.016124486923217773
0.059941768646240234
0.04454946517944336
0.1422584056854248
0.15004658699035645
0.07988810539245605
0.06593799591064453
0.07076191902160645
0.14695310592651367
0.13499093055725098
0.11843657493591309
0.09784531593322754
0.06864213943481445
0.04080367088317871
0.03410530090332031
0.11135172843933105
0.005504608154296875
0.048714399337768555
0.13120770454406738
0.0796656608581543
0.13496947288513184
0.13275623321533203
0.1443934440612793
0.0860910415649414
0.08058857917785645
0.1077263355255127
0.039310455322265625
0.11378812789916992
0.054765939712524414
0.12134099006652832
0.052642822265625
0.0051860809326171875
0.1368250846862793
0.09742927551269531
0.13213634490966797
0.03426718711853027
0.1248941421508789
0.06715798377990723
0.1033773422241211
0.011287212371826172
0.047237396240234375
0.02152705192565918
0.07578134536743164
0.12481689453125
0.04768252372741699
0.033272743225097656
0.08048009872436523
0.16380953788757324
0.05673074722290039
0.12226080894470215
0.06445479393005371
0.14596271514892578
0.16853857040405273
0.025575637817382812
0.06419873237609863
0.07532191276550293
0.02567005157470703
0.14887404441833496
0.09161615371704102
0.06573128700256348
0.007244110107421875
0.10365080833435059
0.017864704132080078
0.0163726806640625
0.09339404106140137
0.04015755653381348
0.13428902626037598
0.08187055587768555
0.0951075553894043
0.15555810928344727
0.0731658935546875
0.03533625602722168
0.028896331787109375
0.021249771118164062
0.059197425842285156
0.12374258041381836
0.01997995376586914
0.09747695922851562
0.05777907371520996
0.12546849250793457
0.10978865623474121
0.06252646446228027
0.06939268112182617
0.050710439682006836
0.12941837310791016
0.06179165840148926
0.017100811004638672
0.06420660018920898
0.06316781044006348
0.026377201080322266
0.10625886917114258
0.14051151275634766
0.13617968559265137
0.03603100776672363
0.11764240264892578
0.0792694091796875
0.13456940650939941
0.12005352973937988
0.011471271514892578
0.08927774429321289
0.08765411376953125
0.004082441329956055
0.06303262710571289
0.1570274829864502
0.07546734809875488
0.10087394714355469
0.14418506622314453
0.1278831958770752
0.03515744209289551
0.09097647666931152
0.1622765064239502
0.09897828102111816
0.0419769287109375
0.06809687614440918
0.08347940444946289
0.1314103603363037
0.14585137367248535
0.08013248443603516
0.12516403198242188
0.13553714752197266
0.12527132034301758
0.1510937213897705
0.11000490188598633
0.11840534210205078
0.10993075370788574
0.06503844261169434
0.1549086570739746
0.030423641204833984
0.05704092979431152
0.11486959457397461
0.09952092170715332
0.05542492866516113
0.02112579345703125
0.11269593238830566
0.0962669849395752
0.098968505859375
0.055068016052246094
0.1141655445098877
0.09880781173706055
0.08690190315246582
0.06807374954223633
0.07059454917907715
0.10597443580627441
0.11785531044006348
0.05782961845397949
0.14025211334228516
0.08755946159362793
0.04305434226989746
0.0024504661560058594
0.008811712265014648
0.0674123764038086
0.01355886459350586
0.0012955665588378906
0.09006404876708984
0.009472370147705078
0.10607123374938965
0.0828554630279541
0.015109539031982422
0.14737153053283691
0.09689474105834961
0.11868619918823242
0.14779019355773926
0.11568856239318848
0.006540775299072266
0.10896039009094238
0.11777162551879883
0.08800864219665527
0.007259845733642578
0.08061623573303223
0.04972982406616211
0.10680890083312988
0.029334068298339844
0.12495803833007812
0.05358266830444336
0.0469822883605957
0.07172942161560059
0.028655529022216797
0.028762340545654297
0.12638163566589355
0.11771917343139648
0.142411470413208
0.14519977569580078
0.06366395950317383
0.019172191619873047
0.03142094612121582
0.02855062484741211
0.13040399551391602
0.01622605323791504
0.10144639015197754
0.08309817314147949
0.019501209259033203
0.14271259307861328
0.06536459922790527
0.03076648712158203
0.04175400733947754
0.05105161666870117
0.07824945449829102
0.07016134262084961
0.04875588417053223
0.06972622871398926
0.08779597282409668
0.11869239807128906
0.0817563533782959
0.07294821739196777
0.1259293556213379
0.014286041259765625
0.09569549560546875
0.12420344352722168
0.07593083381652832
0.13060903549194336
0.10590600967407227
0.07390379905700684
0.040170907974243164
0.0642092227935791
0.07292962074279785
0.10642290115356445
0.0810701847076416
0.04120588302612305
0.06312131881713867
0.1490466594696045
0.0496368408203125
0.13912701606750488
0.027515411376953125
0.017763614654541016
0.03326702117919922
0.12499260902404785
0.092132568359375
0.061635732650756836
0.10683631896972656
0.015657663345336914
0.05312538146972656
0.14840054512023926
0.00046896934509277344
0.13783645629882812
0.05054736137390137
0.12057971954345703
0.0663614273071289
0.007039546966552734
0.04460501670837402
0.12714385986328125
0.010149240493774414
0.10299968719482422
0.09345483779907227
0.13099241256713867
0.0016617774963378906
0.02421402931213379
0.06294989585876465
0.048267364501953125
0.12427258491516113
0.025209426879882812
0.034621238708496094
0.12596559524536133
0.060883283615112305
0.017092466354370117
0.10443902015686035
0.09006857872009277
0.10636425018310547
0.1320483684539795
0.12082958221435547
0.04374217987060547
0.1223762035369873
0.11305046081542969
0.037482261657714844
0.13170742988586426
0.12998485565185547
0.09522819519042969
0.012916803359985352
0.14339232444763184
0.0046536922454833984
0.07444953918457031
0.00863957405090332
0.1273188591003418
0.10431265830993652
0.10468173027038574
0.14161014556884766
0.09470248222351074
0.02935481071472168
0.09584999084472656
0.036405086517333984
0.0733182430267334
0.003740549087524414
0.1167910099029541
0.05986332893371582
0.13560819625854492
0.07773613929748535
0.08103680610656738
0.05357861518859863
0.03619384765625
0.009427547454833984
0.03373289108276367
0.11233854293823242
0.04644513130187988
0.02459883689880371
0.010760068893432617
0.005331516265869141
0.018501996994018555
0.12367105484008789
0.06128549575805664
0.14287757873535156
0.06417083740234375
0.012322664260864258
0.025549650192260742
0.14396071434020996
0.05674147605895996
0.0828702449798584
0.0051326751708984375
0.014421463012695312
0.05871987342834473
0.006215333938598633
0.09671711921691895
0.011152505874633789
0.05882978439331055
0.019249439239501953
0.0375828742980957
0.07038140296936035
0.10101747512817383
0.06984877586364746
0.13023877143859863
0.05962228775024414
0.13793039321899414
0.10420083999633789
0.14157557487487793
0.015864133834838867
0.13716459274291992
0.09033203125
0.05264925956726074
0.05174088478088379
0.0800783634185791
0.13317608833312988
0.13217902183532715
0.11116361618041992
0.010380983352661133
0.06576061248779297
0.010001659393310547
0.05666089057922363
0.05014157295227051
0.0263214111328125
0.08409667015075684
0.028017520904541016
0.10891461372375488
0.10430073738098145
0.10972332954406738
0.023813962936401367
0.06772303581237793
0.0838155746459961
0.14190912246704102
0.12285161018371582
0.0594935417175293
0.09823036193847656
0.022765398025512695
0.0350496768951416
0.05267643928527832
0.06375646591186523
0.06187582015991211
0.04635262489318848
0.02613091468811035
0.13873052597045898
0.11600255966186523
0.013708353042602539
0.00852513313293457
0.0076541900634765625
0.04085063934326172
0.04618644714355469
0.14812970161437988
0.0523066520690918
0.09355330467224121
0.0617978572845459
0.12995505332946777
0.05851411819458008
0.1092064380645752
0.0375058650970459
0.09685492515563965
0.0504460334777832
0.01116490364074707
0.13833880424499512
0.15729856491088867
0.050032615661621094
0.020693540573120117
0.01726388931274414
0.05898308753967285
0.10929203033447266
0.06142377853393555
0.022887468338012695
0.017424821853637695
0.13653898239135742
0.07010293006896973
0.12563300132751465
0.09081482887268066
0.05992269515991211
0.12042617797851562
0.04146575927734375
0.13866472244262695
0.0013272762298583984
0.13463115692138672
0.0596463680267334
0.046639204025268555
0.02868819236755371
0.026843786239624023
0.07742905616760254
0.10853409767150879
0.0007193088531494141
0.13381171226501465
0.1370699405670166
0.04693889617919922
0.03173065185546875
0.0013163089752197266
0.01778578758239746
0.10280799865722656
0.07897496223449707
0.06841540336608887
0.030686140060424805
0.07494115829467773
0.03218817710876465
0.022214889526367188
0.11076569557189941
0.05383706092834473
0.1298234462738037
0.05277514457702637
0.11078000068664551
0.1298046112060547
0.09364175796508789
0.07029175758361816
0.0629274845123291
0.036730289459228516
0.08932161331176758
0.01432490348815918
0.13393712043762207
0.07918977737426758
0.05294442176818848
0.04738426208496094
0.024986982345581055
0.13611865043640137
0.041579246520996094
0.04873037338256836
0.04529547691345215
0.08154892921447754
0.13754534721374512
0.14400959014892578
0.061519622802734375
0.08245182037353516
0.12575721740722656
0.10308456420898438
0.14946913719177246
0.11106181144714355
0.006908416748046875
0.10515999794006348
0.023403167724609375
0.020845413208007812
0.028445959091186523
0.002026796340942383
0.09435892105102539
0.07201099395751953
0.1293196678161621
0.08646011352539062
0.005040407180786133
0.1123802661895752
0.029896020889282227
0.023072242736816406
0.018889188766479492
0.001641988754272461
0.15323758125305176
0.15297460556030273
0.0580143928527832
0.0011434555053710938
0.025692462921142578
0.037077903747558594
0.05646514892578125
0.0399022102355957
0.07738971710205078
0.024616718292236328
0.13069558143615723
0.006360054016113281
0.046305179595947266
0.05467033386230469
0.030193567276000977
0.13564062118530273
0.1300220489501953
0.048844337463378906
0.07625031471252441
0.06561779975891113
0.0902857780456543
0.061580657958984375
0.02797079086303711
0.05368351936340332
0.039304494857788086
0.14943289756774902
0.06099224090576172
0.14320898056030273
0.0559687614440918
0.1336040496826172
0.130049467086792
0.03191184997558594
0.04991555213928223
0.12681102752685547
0.14336919784545898
0.06947660446166992
0.06746435165405273
0.13821172714233398
0.1405787467956543
0.09315228462219238
0.08962392807006836
0.024102210998535156
0.0872955322265625
0.13633489608764648
0.0513463020324707
0.11409115791320801
0.06407713890075684
0.043886423110961914
0.14012718200683594
0.12319636344909668
0.08695077896118164
0.12659502029418945
0.03258204460144043
0.11365270614624023
0.12246060371398926
0.11068248748779297
0.03199028968811035
0.021642446517944336
0.14227032661437988
0.1082758903503418
0.09010767936706543
0.1589832305908203
0.1564946174621582
0.1113748550415039
0.06111884117126465
0.06032967567443848
0.11603832244873047
0.09209799766540527
0.09952974319458008
0.07867860794067383
0.10810518264770508
0.009537696838378906
0.02972698211669922
0.027281761169433594
0.00742650032043457
0.027134180068969727
0.14302611351013184
0.12702465057373047
0.12145757675170898
0.14224839210510254
0.0822908878326416
0.09952855110168457
0.09046673774719238
0.0971369743347168
0.036374807357788086
0.008877277374267578
0.035440683364868164
0.03872418403625488
0.05300140380859375
0.03006577491760254
0.132918119430542
0.11229825019836426
0.14763188362121582
0.08830523490905762
0.09214544296264648
0.011986017227172852
0.0929725170135498
0.09569764137268066
0.06838083267211914
0.16951894760131836
0.13063478469848633
0.013354301452636719
0.08157730102539062
0.014122486114501953
0.10516023635864258
0.035478830337524414
0.05567741394042969
0.05530691146850586
0.039760589599609375
0.1007845401763916
0.0838019847869873
0.05545949935913086
0.04452037811279297
0.08523130416870117
0.016340970993041992
0.16017580032348633
0.010904312133789062
0.03776693344116211
0.07033586502075195
0.15625309944152832
0.1221308708190918
0.1337265968322754
0.028683900833129883
0.12024354934692383
0.03232860565185547
0.07738924026489258
0.10528087615966797
0.0010068416595458984
0.02458500862121582
0.0011417865753173828
0.03864550590515137
0.06937479972839355
0.0299375057220459
0.09930682182312012
0.10017681121826172
0.08053779602050781
0.0801095962524414
0.04053854942321777
0.1389622688293457
0.010408639907836914
0.07189536094665527
0.05294489860534668
0.08664202690124512
0.04669642448425293
0.049584388732910156
0.013044118881225586
0.056262969970703125
0.01625657081604004
0.039136648178100586
0.020879268646240234
0.03567099571228027
0.10021805763244629
0.09046459197998047
0.07518434524536133
0.07314682006835938
0.006272077560424805
0.00892782211303711
0.08279061317443848
0.10937023162841797
0.10455107688903809
0.03742241859436035
0.015262365341186523
0.07936692237854004
0.07202458381652832
0.1088860034942627
0.10748291015625
0.09725809097290039
0.05847668647766113
0.004608154296875
0.03609275817871094
0.14267969131469727
0.02403736114501953
0.1348867416381836
0.12038207054138184
0.13066411018371582
0.11039018630981445
0.11735153198242188
0.13598918914794922
0.061472415924072266
0.059105634689331055
0.14302301406860352
0.14825963973999023
0.04447627067565918
0.11077523231506348
0.13227128982543945
0.012217998504638672
0.0070378780364990234
0.12400054931640625
0.07579612731933594
0.12817907333374023
0.11891937255859375
0.05070090293884277
0.04272103309631348
0.09000992774963379
0.07539105415344238
0.08793926239013672
0.08254647254943848
0.015753746032714844
0.10518050193786621
0.12739896774291992
0.06425046920776367
0.08843636512756348
0.09403824806213379
0.01838374137878418
0.10293769836425781
0.11104941368103027
0.10908818244934082
0.12770891189575195
0.1375432014465332
0.019216060638427734
0.07700538635253906
0.10382318496704102
0.046733856201171875
0.05398821830749512
0.05149388313293457
0.1039118766784668
0.12378907203674316
0.06877827644348145
0.1141517162322998
0.06224513053894043
0.06866192817687988
0.11822009086608887
0.0863957405090332
0.10472369194030762
0.0705716609954834
0.0853731632232666
0.12614917755126953
0.01690387725830078
0.11332368850708008
0.045271873474121094
0.13191819190979004
0.05436897277832031
0.04657888412475586
0.09265613555908203
0.06576156616210938
0.06797671318054199
0.030282020568847656
0.053491830825805664
0.0883634090423584
0.14154720306396484
0.08146095275878906
0.04189348220825195
0.031739234924316406
0.0942068099975586
0.09680914878845215
0.10998845100402832
0.07085919380187988
0.008434772491455078
0.07656979560852051
0.045915842056274414
0.1131436824798584
0.10601615905761719
0.1298689842224121
0.010609626770019531
0.13355135917663574
0.1048436164855957
0.02839374542236328
0.06418895721435547
0.046172142028808594
0.09835529327392578
0.12501788139343262
0.008502721786499023
0.016374588012695312
0.1370072364807129
0.03736424446105957
0.05177021026611328
0.05061817169189453
0.11258387565612793
0.07040572166442871
0.05442953109741211
0.06890273094177246
0.06047368049621582
0.10730361938476562
0.09917020797729492
0.12719297409057617
0.09168767929077148
0.03777122497558594
0.0797891616821289
0.12173295021057129
0.01679253578186035
0.023000240325927734
0.019078731536865234
0.1035614013671875
0.08064985275268555
0.1321086883544922
0.07362198829650879
0.10089445114135742
0.12163162231445312
0.010056734085083008
0.006646871566772461
0.12274408340454102
0.09373641014099121
0.04592180252075195
0.08646559715270996
0.06954622268676758
0.11777496337890625
0.05225729942321777
0.13772344589233398
0.028339385986328125
0.04857039451599121
0.03065180778503418
0.05313897132873535
0.08105897903442383
0.0375666618347168
0.025680065155029297
0.06584286689758301
0.019628286361694336
0.05956697463989258
0.08390378952026367
0.13245916366577148
0.09954667091369629
0.09739494323730469
0.07180976867675781
0.11123180389404297
0.018670320510864258
0.08758664131164551
0.1291971206665039
0.025305986404418945
0.09133458137512207
0.021987438201904297
0.10964655876159668
0.11464428901672363
0.04331326484680176
0.01877880096435547
0.03350973129272461
0.0018227100372314453
0.06480979919433594
0.07226204872131348
0.08358430862426758
0.06809592247009277
0.09731316566467285
0.04105877876281738
0.24695110321044922
0.11086177825927734
0.014699459075927734
0.03156137466430664
0.041469573974609375
0.10251116752624512
0.11131429672241211
0.07215332984924316
0.10542488098144531
0.08684015274047852
0.13448214530944824
0.018341064453125
0.02804279327392578
0.01684427261352539
0.061789512634277344
0.033034324645996094
0.07920694351196289
0.004596710205078125
0.12637090682983398
0.12644529342651367
0.004497051239013672
0.09129524230957031
0.07781720161437988
0.12467432022094727
0.1427016258239746
0.08418846130371094
0.041953325271606445
0.011126518249511719
0.0767822265625
0.1363379955291748
0.016153812408447266
0.04367470741271973
0.0059664249420166016
0.014194488525390625
0.1258068084716797
0.12373781204223633
0.07842683792114258
0.04893159866333008
0.03536677360534668
0.03628110885620117
0.022546768188476562
0.10482144355773926
0.013880491256713867
0.00044274330139160156
0.03549385070800781
0.05431818962097168
0.12329435348510742
0.1313469409942627
0.0928657054901123
0.10295414924621582
0.08231401443481445
0.13978862762451172
0.1389620304107666
0.005566120147705078
0.13645386695861816
0.11820554733276367
0.13303446769714355
0.13624143600463867
0.06482124328613281
0.04764962196350098
0.10780930519104004
0.07843232154846191
0.08500790596008301
0.08503532409667969
0.09544491767883301
0.05826115608215332
0.10591721534729004
0.005297660827636719
0.12926125526428223
0.09627938270568848
0.0805368423461914
0.06638646125793457
0.016221284866333008
0.13203072547912598
0.12541937828063965
0.12203526496887207
0.10378217697143555
0.03179740905761719
0.035384178161621094
0.04645562171936035
0.11175537109375
0.07304501533508301
0.01998114585876465
0.30457282066345215
0.032289743423461914
0.020524024963378906
0.02433323860168457
0.08979463577270508
0.11057233810424805
0.13440203666687012
0.09907889366149902
0.12494325637817383
0.04712963104248047
0.0993051528930664
0.09331607818603516
0.09178447723388672
0.08581280708312988
0.02277827262878418
0.10985493659973145
0.05090475082397461
0.003113985061645508
0.11890649795532227
0.09129452705383301
0.05416750907897949
0.0891573429107666
0.14517951011657715
0.010277986526489258
0.02835702896118164
0.09336447715759277
0.03145432472229004
0.1232609748840332
0.11976504325866699
0.15805387496948242
0.06718564033508301
0.022857666015625
0.09642887115478516
0.05387997627258301
0.09079647064208984
0.09165096282958984
0.05924272537231445
0.010616064071655273
0.02692580223083496
0.06922388076782227
0.054795026779174805
0.07407641410827637
0.10521411895751953
0.11610102653503418
0.12242317199707031
0.12501001358032227
0.08174657821655273
0.011328697204589844
0.020445585250854492
0.03908276557922363
0.059427738189697266
0.06761360168457031
0.05588984489440918
0.08513069152832031
0.05016970634460449
0.03726601600646973
0.1460416316986084
0.0923621654510498
0.05787301063537598
0.10732388496398926
0.11247420310974121
0.13221096992492676
0.06090426445007324
0.0935213565826416
0.0997920036315918
0.1290886402130127
0.3369464874267578
0.04100608825683594
0.08060526847839355
0.012981891632080078
0.016924381256103516
0.10766386985778809
0.037220001220703125
0.037241458892822266
0.11349225044250488
0.07872724533081055
0.026532888412475586
0.08947467803955078
0.036721229553222656
0.016005992889404297
0.05411386489868164
0.13749289512634277
0.07231330871582031
0.06252050399780273
0.1012425422668457
0.09482073783874512
0.12647747993469238
0.009805440902709961
0.07650017738342285
0.07790589332580566
0.02340221405029297
0.10496163368225098
0.13874554634094238
0.01879405975341797
0.13417315483093262
0.11058235168457031
0.057996273040771484
0.06375622749328613
0.00870656967163086
0.05703330039978027
0.09593915939331055
0.06240415573120117
0.07700967788696289
0.037641048431396484
0.06862854957580566
0.05220317840576172
0.03144717216491699
0.09987711906433105
0.07419490814208984
0.016247034072875977
0.045752763748168945
0.05809831619262695
0.004484653472900391
0.14464187622070312
0.10193276405334473
0.13077497482299805
0.0752871036529541
0.0755465030670166
0.08399224281311035
0.02373194694519043
0.011490583419799805
0.07746648788452148
0.11628937721252441
0.15333819389343262
0.004729270935058594
0.03807210922241211
0.021892309188842773
0.0885472297668457
0.10120487213134766
0.11906075477600098
0.023576021194458008
0.07959628105163574
0.007861614227294922
0.014444589614868164
0.02843761444091797
0.1073002815246582
0.11391854286193848
0.14190244674682617
0.07285404205322266
0.09331917762756348
0.10221695899963379
0.04936814308166504
0.08466506004333496
0.0856771469116211
0.09891653060913086
0.08683228492736816
0.10161805152893066
0.017298460006713867
0.02321338653564453
0.03084397315979004
0.043570756912231445
0.023185253143310547
0.05014634132385254
0.08189868927001953
0.09965109825134277
0.01023721694946289
0.03667402267456055
0.01728057861328125
0.04174613952636719
0.07455587387084961
0.11695504188537598
0.019579172134399414
0.1378796100616455
0.09443354606628418
0.03407764434814453
0.015952110290527344
0.14378833770751953
0.016114234924316406
0.08452296257019043
0.11960268020629883
0.08791661262512207
0.0712742805480957
0.09471893310546875
0.01082301139831543
0.003871440887451172
0.034888505935668945
0.14085960388183594
0.021164417266845703
0.06038069725036621
0.13467788696289062
0.13453364372253418
0.09983968734741211
0.06640839576721191
0.07159185409545898
0.03290271759033203
0.08641719818115234
0.12245821952819824
0.017016172409057617
0.04903388023376465
0.11537885665893555
0.11706900596618652
0.019335269927978516
0.12422943115234375
0.08418512344360352
0.1051476001739502
0.003496408462524414
0.10645055770874023
0.1038813591003418
0.08058404922485352
0.057747840881347656
0.05414295196533203
0.09318137168884277
0.0940542221069336
0.009088277816772461
0.09383916854858398
0.07102751731872559
0.051535844802856445
0.15301871299743652
0.0347905158996582
0.14427447319030762
0.01517629623413086
0.13213825225830078
0.14523053169250488
0.005692243576049805
0.1449141502380371
0.13425517082214355
0.05437183380126953
0.1022195816040039
0.13152480125427246
0.09789252281188965
0.08473324775695801
0.05942559242248535
0.03449654579162598
0.02766275405883789
0.131927490234375
0.11536264419555664
0.12074565887451172
0.09329366683959961
0.1209251880645752
0.09595656394958496
0.05620741844177246
0.020637035369873047
0.08628249168395996
0.08632707595825195
0.11485433578491211
0.0312197208404541
0.09084129333496094
0.02141737937927246
0.08539509773254395
0.13204360008239746
0.11637449264526367
0.11464643478393555
0.13421940803527832
0.1336526870727539
0.1430823802947998
0.14705562591552734
0.08210468292236328
0.05220770835876465
0.00919795036315918
0.07078123092651367
0.08104777336120605
0.04564189910888672
0.14114737510681152
0.03453183174133301
0.01662611961364746
0.12523508071899414
0.1540670394897461
0.0018017292022705078
0.1579275131225586
0.06853461265563965
0.04464602470397949
0.04591178894042969
0.07139301300048828
0.003040790557861328
0.020094871520996094
0.15674877166748047
0.05062603950500488
0.09772205352783203
0.003355264663696289
0.13596057891845703
0.06449151039123535
0.1504225730895996
0.12373042106628418
0.029156208038330078
0.11885809898376465
0.13803648948669434
0.029199600219726562
0.06559205055236816
0.016719341278076172
0.10885763168334961
0.14775633811950684
0.14481377601623535
0.06459474563598633
0.030733585357666016
0.14862608909606934
0.0880124568939209
0.15941524505615234
0.02430129051208496
0.07143211364746094
0.17672181129455566
0.06689882278442383
0.07386517524719238
0.1372697353363037
0.049094200134277344
0.004655361175537109
0.0055735111236572266
0.07375073432922363
0.04437994956970215
0.05667734146118164
0.047240495681762695
0.0753326416015625
0.0760645866394043
0.09290194511413574
0.010430574417114258
0.01535487174987793
0.03023815155029297
0.0520172119140625
0.027197599411010742
0.09694933891296387
0.10631060600280762
0.042404890060424805
0.025588274002075195
0.15462279319763184
0.10867667198181152
0.0018715858459472656
0.145890474319458
0.14153838157653809
0.10598373413085938
0.11418962478637695
0.05078554153442383
0.13689374923706055
0.0909721851348877
0.08863425254821777
0.08063936233520508
0.14326834678649902
0.017604827880859375
0.019906997680664062
0.008565902709960938
0.08261775970458984
0.054106950759887695
0.13491296768188477
0.03432011604309082
0.047437429428100586
0.09810996055603027
0.0024166107177734375
0.014481067657470703
0.12459397315979004
0.06653118133544922
0.13184714317321777
0.028577089309692383
0.0016040802001953125
0.13074970245361328
0.10292363166809082
0.07549548149108887
0.056778907775878906
0.14534354209899902
0.06481671333312988
0.1204228401184082
0.09748554229736328
0.09528636932373047
0.1017305850982666
0.13636422157287598
0.0801091194152832
0.08810305595397949
0.06792712211608887
0.14141011238098145
0.1325666904449463
0.09625244140625
0.02943277359008789
0.029964447021484375
0.1305701732635498
0.1025702953338623
0.09636259078979492
0.019937515258789062
0.10958337783813477
0.05129575729370117
0.14905166625976562
0.017056941986083984
0.0499262809753418
0.004217386245727539
0.03161001205444336
0.007345676422119141
0.14058279991149902
0.05291271209716797
0.0522918701171875
0.028786659240722656
0.06563711166381836
0.10635209083557129
0.1296238899230957
0.14662861824035645
0.01226186752319336
0.0002377033233642578
0.04315900802612305
0.05154871940612793
0.14290118217468262
0.10809683799743652
0.12130117416381836
0.03873634338378906
0.020747661590576172
0.15009522438049316
0.01201319694519043
0.07666873931884766
0.0793924331665039
0.12410569190979004
0.06748199462890625
0.033585548400878906
0.0972139835357666
0.049216270446777344
0.018588781356811523
0.04431271553039551
0.13196539878845215
0.14506125450134277
0.025679349899291992
0.043656349182128906
0.13224124908447266
0.0988626480102539
0.10910940170288086
0.04515957832336426
0.05242466926574707
0.10448575019836426
0.1143190860748291
0.11170482635498047
0.011286020278930664
0.1430666446685791
0.12860369682312012
0.1416645050048828
0.09249186515808105
0.04568934440612793
0.09107303619384766
0.018897533416748047
0.06909775733947754
0.046938180923461914
0.1313178539276123
0.1251695156097412
0.02491450309753418
0.03957366943359375
0.034334421157836914
0.05077075958251953
0.12564754486083984
0.024547100067138672
0.06760978698730469
0.007521390914916992
0.08890318870544434
0.12853384017944336
0.07748866081237793
0.008721113204956055
0.054610252380371094
0.08432507514953613
0.13613581657409668
0.05942511558532715
0.11771059036254883
0.025233983993530273
0.14612650871276855
0.03948354721069336
0.10986161231994629
0.062047719955444336
0.04315781593322754
0.03821516036987305
0.03622865676879883
0.030062437057495117
0.015388011932373047
0.13392400741577148
0.030277252197265625
0.03454327583312988
0.05931711196899414
0.0772256851196289
0.13330984115600586
0.13872075080871582
0.11072778701782227
0.02097010612487793
0.09106755256652832
0.005202293395996094
0.07853984832763672
0.14529681205749512
0.11952424049377441
0.00594019889831543
0.03695940971374512
0.019390344619750977
0.10443544387817383
0.0007085800170898438
0.008589982986450195
0.1481788158416748
0.1556563377380371
0.03971529006958008
0.014913797378540039
0.011954545974731445
0.07509231567382812
0.07356095314025879
0.018010854721069336
0.06940340995788574
0.06614184379577637
0.017102718353271484
0.06716513633728027
0.12610840797424316
0.13981962203979492
0.08979129791259766
0.045134544372558594
0.13515663146972656
0.14959406852722168
0.051080942153930664
0.045511484146118164
0.12015295028686523
0.014196157455444336
0.038437843322753906
0.12889838218688965
0.015382051467895508
0.12549400329589844
0.012673616409301758
0.07664346694946289
0.1168680191040039
0.08768272399902344
0.025522947311401367
0.030271053314208984
0.035926103591918945
0.002754688262939453
0.006128787994384766
0.014260530471801758
0.050775766372680664
0.02764296531677246
0.15137052536010742
0.12919259071350098
0.13784217834472656
0.14780640602111816
0.09995102882385254
0.08202004432678223
0.09000635147094727
0.06341934204101562
0.14373183250427246
0.04052233695983887
0.023737192153930664
0.13026881217956543
0.00479435920715332
0.007865190505981445
0.010267496109008789
0.06522917747497559
0.07018423080444336
0.1273174285888672
0.05753970146179199
0.13552093505859375
0.04970121383666992
0.0353693962097168
0.09057259559631348
0.00973057746887207
0.014003515243530273
0.14281225204467773
0.07095122337341309
0.08739280700683594
0.0473637580871582
0.016946792602539062
0.08865666389465332
0.08716392517089844
0.0459139347076416
0.08645844459533691
0.12554240226745605
0.13184595108032227
0.1019749641418457
0.05960583686828613
0.12646102905273438
0.05384325981140137
0.06536078453063965
0.01719355583190918
0.1304483413696289
0.12283611297607422
0.11658477783203125
0.05657815933227539
0.011185884475708008
0.027118444442749023
0.09822511672973633
0.056478261947631836
0.02169179916381836
0.115875244140625
0.07294964790344238
0.12486052513122559
0.12789130210876465
0.08618450164794922
0.08237481117248535
0.0036821365356445312
0.1194608211517334
0.022632837295532227
0.10294270515441895
0.13231730461120605
0.12752652168273926
0.016651630401611328
0.029788970947265625
0.0355532169342041
0.0971071720123291
0.00810384750366211
0.08158206939697266
0.05728960037231445
0.12215614318847656
0.10847973823547363
0.06935644149780273
0.01688551902770996
0.07923245429992676
0.08173441886901855
0.11371302604675293
0.12193036079406738
0.09333395957946777
0.12375664710998535
0.04291248321533203
0.10626769065856934
0.13583970069885254
0.03381490707397461
0.07471346855163574
0.10830950736999512
0.10757303237915039
0.06116962432861328
0.002341032028198242
0.08489608764648438
0.07191252708435059
0.14800524711608887
0.03451895713806152
0.06295180320739746
0.008287906646728516
0.031174659729003906
0.08176445960998535
0.11245870590209961
0.1099696159362793
0.0715932846069336
0.1411886215209961
0.1516432762145996
0.15740251541137695
0.020760774612426758
0.059944868087768555
0.03852486610412598
0.038606882095336914
0.1506519317626953
0.08830928802490234
0.14830923080444336
0.08371257781982422
0.16265535354614258
0.11245512962341309
0.17925119400024414
0.10349583625793457
0.11996579170227051
0.07020425796508789
0.08367300033569336
0.12488794326782227
0.06873750686645508
0.0007078647613525391
0.11690211296081543
0.015845298767089844
0.052361249923706055
0.08472013473510742
0.05537056922912598
0.013092041015625
0.10267996788024902
0.11302065849304199
0.0002830028533935547
0.08417415618896484
0.08110761642456055
0.09008312225341797
0.12266778945922852
0.05068778991699219
0.05705571174621582
0.07422852516174316
0.020676374435424805
0.04514455795288086
0.14727115631103516
0.023113727569580078
0.031398773193359375
0.0554196834564209
0.12433218955993652
0.03610348701477051
0.0343480110168457
0.016034841537475586
0.019593477249145508
0.11695981025695801
0.13132286071777344
0.0938866138458252
0.13490080833435059
0.053382158279418945
0.10480284690856934
0.019357681274414062
0.10713315010070801
0.03672337532043457
0.08016467094421387
0.13239455223083496
0.028293848037719727
0.07441425323486328
0.0481112003326416
0.13733410835266113
0.003095388412475586
0.019257307052612305
0.06929826736450195
0.012192964553833008
0.09701156616210938
0.03551197052001953
0.0894629955291748
0.08744287490844727
0.1055593490600586
0.0020554065704345703
0.10837364196777344
0.14313220977783203
0.0725548267364502
0.12518024444580078
0.017388582229614258
0.13257932662963867
0.07330656051635742
0.07242083549499512
0.02929210662841797
0.11042237281799316
0.060457706451416016
0.04590749740600586
0.07506775856018066
0.07849407196044922
0.12450242042541504
0.11462163925170898
0.013586997985839844
0.05559134483337402
0.07545828819274902
0.07915091514587402
0.11156916618347168
0.019513845443725586
0.021767854690551758
0.14643621444702148
0.039991140365600586
0.05756354331970215
0.13370180130004883
0.0773015022277832
0.07838916778564453
0.08347916603088379
0.0351414680480957
0.1027381420135498
0.013032674789428711
0.1289205551147461
0.1394500732421875
0.08556318283081055
0.13413405418395996
0.13779067993164062
0.06692719459533691
0.1366419792175293
0.07949399948120117
0.10877561569213867
0.013476133346557617
0.11803984642028809
0.10786151885986328
0.13727355003356934
0.11201906204223633
0.13141822814941406
0.09347748756408691
0.10426783561706543
0.13002371788024902
0.013369321823120117
0.1451706886291504
0.09915709495544434
0.01677227020263672
0.17150354385375977
0.05040383338928223
0.027538061141967773
0.044138193130493164
0.15215849876403809
0.004740238189697266
0.1449875831604004
0.09496736526489258
0.12063407897949219
0.03817129135131836
0.011995553970336914
0.16104483604431152
0.13741159439086914
0.20594215393066406
0.0819706916809082
0.05944681167602539
0.15096163749694824
0.08868145942687988
0.04345226287841797
0.11304569244384766
