0.0496370792388916
0.0423886775970459
0.049111366271972656
0.052163124084472656
0.008040189743041992
0.00970149040222168
0.0339961051940918
0.015799760818481445
0.019877195358276367
0.023188114166259766
0.039742469787597656
0.029503345489501953
0.023864269256591797
0.3336629867553711
0.02584242820739746
0.03212118148803711
0.09994220733642578
0.03322935104370117
0.016922712326049805
0.027461767196655273
0.011385202407836914
0.05229473114013672
0.009949684143066406
0.03978276252746582
0.018585205078125
0.004778385162353516
0.017441987991333008
0.027652263641357422
0.05512356758117676
0.06404232978820801
0.03394150733947754
0.02569890022277832
0.029909849166870117
0.025783777236938477
0.009257793426513672
0.012366533279418945
0.04481172561645508
0.047698974609375
0.034841060638427734
0.014594554901123047
0.014364242553710938
0.0321810245513916
0.020206689834594727
0.03858685493469238
0.029369592666625977
0.04688858985900879
0.06220579147338867
0.03668355941772461
0.03963351249694824
0.01869797706604004
0.04343986511230469
0.03465914726257324
0.03943443298339844
0.018824100494384766
0.0435032844543457
0.02696537971496582
0.02038264274597168
0.02326512336730957
0.03326773643493652
0.05249190330505371
0.03273963928222656
0.03884625434875488
0.02422022819519043
0.032137155532836914
0.43332839012145996
0.019527196884155273
0.02448129653930664
0.02025771141052246
0.06457662582397461
0.056499481201171875
0.021894454956054688
0.03594660758972168
0.041817426681518555
0.033829450607299805
0.029210567474365234
0.04441118240356445
0.07958650588989258
0.0189208984375
0.06836581230163574
0.04610252380371094
0.01712799072265625
0.0193331241607666
0.023998737335205078
0.03615522384643555
0.05328869819641113
0.0171964168548584
0.025465011596679688
0.032689809799194336
0.04003477096557617
0.027889251708984375
0.04594922065734863
0.010085582733154297
0.027262210845947266
0.0034847259521484375
0.05860137939453125
0.0040302276611328125
0.011708974838256836
0.014693021774291992
0.023349523544311523
0.03006148338317871
0.048612117767333984
0.030725955963134766
0.04115867614746094
0.01761770248413086
0.03104996681213379
0.02311420440673828
0.012356758117675781
0.014533758163452148
0.04184436798095703
0.03422355651855469
0.018181324005126953
0.008115768432617188
0.030855178833007812
0.019511699676513672
0.01387476921081543
0.014352798461914062
0.03939056396484375
0.02451467514038086
0.041071176528930664
0.02540278434753418
0.369856595993042
0.017200469970703125
0.021366596221923828
0.011770486831665039
0.03657793998718262
0.025913238525390625
0.026135683059692383
0.03416800498962402
0.03625798225402832
0.023870229721069336
0.039073944091796875
0.051706552505493164
0.0341496467590332
0.022817611694335938
0.02666926383972168
0.032193660736083984
0.02683115005493164
0.028977394104003906
0.027059078216552734
0.03625917434692383
0.023794889450073242
0.026945114135742188
0.025305986404418945
0.040512800216674805
0.032785654067993164
0.016133546829223633
0.05302596092224121
0.013022184371948242
0.027615785598754883
0.03986191749572754
0.017651796340942383
0.04413437843322754
0.013970375061035156
0.012781858444213867
0.04439663887023926
0.020621538162231445
0.02824878692626953
0.02181529998779297
0.02424907684326172
0.01717996597290039
0.02185535430908203
0.006841421127319336
0.07272100448608398
0.028156042098999023
0.038869619369506836
0.010034561157226562
0.05350613594055176
0.014791011810302734
0.049384117126464844
0.016550064086914062
0.05831313133239746
0.045499563217163086
0.029596328735351562
0.029768943786621094
0.018074989318847656
0.023256778717041016
0.023230791091918945
0.01147770881652832
0.3434295654296875
0.01809406280517578
0.05256080627441406
0.04127168655395508
0.031662940979003906
0.012642145156860352
0.017261266708374023
0.01629471778869629
0.02565479278564453
0.027968168258666992
0.016170501708984375
0.039537668228149414
0.027615785598754883
0.029433488845825195
0.03807687759399414
0.027781248092651367
0.032318115234375
0.0321657657623291
0.026225805282592773
0.021247148513793945
0.011943340301513672
0.025707483291625977
0.04060626029968262
0.036651611328125
0.013115406036376953
0.02415180206298828
0.011750459671020508
0.020668983459472656
0.00936746597290039
0.02439570426940918
0.033776044845581055
0.03772997856140137
0.036483049392700195
0.029326200485229492
0.03190326690673828
0.017552614212036133
0.030930042266845703
0.02597332000732422
0.028664112091064453
0.03631949424743652
0.0247955322265625
0.041019439697265625
0.0178072452545166
0.008542776107788086
0.006641387939453125
0.01877903938293457
0.05940890312194824
0.03668785095214844
0.03417801856994629
0.017829179763793945
0.027781009674072266
0.019560575485229492
0.02569437026977539
0.01967787742614746
0.04637312889099121
0.031094074249267578
0.010003089904785156
0.018316984176635742
0.02862381935119629
0.07214617729187012
0.027925968170166016
0.02572488784790039
0.03285336494445801
0.0419306755065918
0.018310070037841797
0.3375885486602783
0.0059931278228759766
0.03614330291748047
0.017586708068847656
0.049349308013916016
0.03813052177429199
0.03382229804992676
0.04417729377746582
0.04018831253051758
0.03446364402770996
0.015324831008911133
0.01787281036376953
0.020479440689086914
0.03169703483581543
0.006030559539794922
0.026618003845214844
0.03770852088928223
0.03534698486328125
0.03524470329284668
0.03780245780944824
0.04642844200134277
0.018410921096801758
0.026903390884399414
0.04983925819396973
0.01297903060913086
0.02369832992553711
0.017732620239257812
0.005234479904174805
0.03387713432312012
0.015496253967285156
0.025347471237182617
0.03648710250854492
0.006629467010498047
0.031249523162841797
0.00693964958190918
0.022301912307739258
0.03593730926513672
0.04383039474487305
0.03409218788146973
0.027732372283935547
0.04491925239562988
0.03413701057434082
0.028159618377685547
0.025918006896972656
0.028509855270385742
0.030627012252807617
0.020350933074951172
0.032610177993774414
0.02455902099609375
0.04112076759338379
0.008833169937133789
0.0555267333984375
0.025281190872192383
0.012820959091186523
0.041597843170166016
0.04634428024291992
0.014662742614746094
0.013087034225463867
0.028749704360961914
0.01898479461669922
0.011677742004394531
0.01062464714050293
0.03292727470397949
0.35950326919555664
0.015502691268920898
0.0500640869140625
0.0399625301361084
0.022364377975463867
0.02853989601135254
0.02632617950439453
0.003954887390136719
0.0434112548828125
0.06575727462768555
0.0035042762756347656
0.03254389762878418
0.038173675537109375
0.008115530014038086
0.03181743621826172
0.019762277603149414
0.013345718383789062
0.033788204193115234
0.032373905181884766
0.02596116065979004
0.024763107299804688
0.025409460067749023
0.04413461685180664
0.028546571731567383
0.012925148010253906
0.03366708755493164
0.027683734893798828
0.04124116897583008
0.03378891944885254
0.008454561233520508
0.03717684745788574
0.019551515579223633
0.034456729888916016
0.031401634216308594
0.01994156837463379
0.0386197566986084
0.0227205753326416
0.02726149559020996
0.046608924865722656
0.016495704650878906
0.0334630012512207
0.03270435333251953
0.025011539459228516
0.019187450408935547
0.015810728073120117
0.011810541152954102
0.0162506103515625
0.012917280197143555
0.027212142944335938
0.01253819465637207
0.04544878005981445
0.03907608985900879
0.0449221134185791
0.028522729873657227
0.039580345153808594
0.025318622589111328
0.042328596115112305
0.014070272445678711
0.04953646659851074
0.020927906036376953
0.022503137588500977
0.0246274471282959
0.3624229431152344
0.02837681770324707
0.04982423782348633
0.04264974594116211
0.02549290657043457
0.018586158752441406
0.02877497673034668
0.013164043426513672
0.0333254337310791
0.023956775665283203
0.0362699031829834
0.010707616806030273
0.020401477813720703
0.04713153839111328
0.006903171539306641
0.029270410537719727
0.040648460388183594
0.03271031379699707
0.041606903076171875
0.06441593170166016
0.020455598831176758
0.03783583641052246
0.02723979949951172
0.01896357536315918
0.013954639434814453
0.014092683792114258
0.042656898498535156
0.039911508560180664
0.02010655403137207
0.024890422821044922
0.03148627281188965
0.013803958892822266
0.04848361015319824
0.033440589904785156
0.021729707717895508
0.03291511535644531
0.03708338737487793
0.04351687431335449
0.023636817932128906
0.02408576011657715
0.021589279174804688
0.024713754653930664
0.04638481140136719
0.020117521286010742
0.020807981491088867
0.008963584899902344
0.03457808494567871
0.019704103469848633
0.009115934371948242
0.023188352584838867
0.016360759735107422
0.04322242736816406
0.009454965591430664
0.0077495574951171875
0.008896112442016602
0.03344011306762695
0.021415233612060547
0.03950357437133789
0.021863698959350586
0.024364233016967773
0.01900482177734375
0.01768350601196289
0.012176275253295898
0.09069228172302246
0.03305959701538086
0.029130220413208008
0.3589050769805908
0.022747278213500977
0.008532047271728516
0.022383928298950195
0.023102760314941406
0.015959739685058594
0.03196430206298828
0.03293442726135254
0.052802324295043945
0.03302717208862305
0.006971836090087891
0.028115272521972656
0.0015511512756347656
0.021032094955444336
0.03971219062805176
0.019779443740844727
0.041428565979003906
0.01934051513671875
0.030343294143676758
0.030767440795898438
0.021032333374023438
0.020811080932617188
0.021090984344482422
0.033573150634765625
0.04070448875427246
0.0326685905456543
0.0290377140045166
0.024254322052001953
0.04051804542541504
0.022078275680541992
0.04221844673156738
0.03737640380859375
0.02365398406982422
0.02124476432800293
0.021764039993286133
0.02228236198425293
0.029999256134033203
0.013602018356323242
0.04491424560546875
0.028018712997436523
0.023237943649291992
0.04634881019592285
0.0372622013092041
0.033666372299194336
0.02940082550048828
0.03040599822998047
0.039243459701538086
0.02750539779663086
0.03513836860656738
0.01458120346069336
0.04009580612182617
0.03632330894470215
0.03692007064819336
0.031373023986816406
0.010846376419067383
0.003237009048461914
0.029165267944335938
0.34331822395324707
0.031023502349853516
0.023192167282104492
0.014087200164794922
0.021528959274291992
0.057641029357910156
0.013298511505126953
0.029787540435791016
0.018011808395385742
0.027232885360717773
0.03498673439025879
0.014078140258789062
0.028148174285888672
0.010788202285766602
0.029713153839111328
0.012680768966674805
0.0438992977142334
0.018902063369750977
0.02512073516845703
0.04266619682312012
0.04342460632324219
0.01900458335876465
0.04262232780456543
0.024000883102416992
0.017836332321166992
0.03407168388366699
0.04870009422302246
0.019185543060302734
0.048095703125
0.040448665618896484
0.016583681106567383
0.05672168731689453
0.00941324234008789
0.0036826133728027344
0.024045705795288086
0.03970956802368164
0.03417658805847168
0.03332209587097168
0.046578168869018555
0.016781330108642578
0.022800922393798828
0.015909671783447266
0.02057027816772461
0.012825965881347656
0.02011585235595703
0.029417991638183594
0.03154706954956055
0.0066835880279541016
0.019209861755371094
0.010982751846313477
0.0355837345123291
0.027346134185791016
0.036444902420043945
0.008556842803955078
0.011040687561035156
0.046276092529296875
0.051105499267578125
0.02341938018798828
0.02799248695373535
0.02620983123779297
0.026835203170776367
0.35091114044189453
0.03846168518066406
0.03141283988952637
0.023816347122192383
0.01066899299621582
0.03846025466918945
0.011585474014282227
0.031850576400756836
0.014268159866333008
0.022368431091308594
0.02159738540649414
0.02440643310546875
0.019733667373657227
0.04182291030883789
0.015542268753051758
0.017924070358276367
0.02533864974975586
0.046840667724609375
0.03968000411987305
0.01316976547241211
0.0445094108581543
0.03190445899963379
0.026126623153686523
0.025383710861206055
0.01152658462524414
0.03586530685424805
0.01341700553894043
0.013891935348510742
0.015488147735595703
0.019687414169311523
0.04403948783874512
0.03240394592285156
0.0355677604675293
0.009144783020019531
0.0174405574798584
0.030797243118286133
0.03334760665893555
0.008321285247802734
0.019012451171875
0.04114866256713867
0.02007770538330078
0.05238223075866699
0.025444507598876953
0.015431880950927734
0.030318260192871094
0.01145172119140625
0.0347745418548584
0.023684978485107422
0.02750849723815918
0.024645566940307617
0.025698423385620117
0.01233363151550293
0.025244474411010742
0.01963329315185547
0.0264127254486084
0.033499717712402344
0.04079914093017578
0.006227016448974609
0.009541034698486328
0.00679469108581543
0.020899295806884766
0.04255867004394531
0.03629875183105469
0.030305862426757812
0.018841028213500977
0.05711531639099121
0.021904468536376953
0.024387359619140625
0.01323390007019043
0.013439416885375977
0.0361628532409668
0.0066661834716796875
0.04113602638244629
0.02892327308654785
0.027004003524780273
0.36145901679992676
0.03324079513549805
0.009273290634155273
0.014291763305664062
0.02696681022644043
0.004269838333129883
0.008816242218017578
0.0291597843170166
0.020510196685791016
0.0326235294342041
0.03653693199157715
0.04269218444824219
0.03671598434448242
0.04045510292053223
0.02429509162902832
0.012487411499023438
0.026118755340576172
0.03180813789367676
0.03170156478881836
0.010957002639770508
0.013667106628417969
0.023787975311279297
0.03292679786682129
0.011414766311645508
0.00924372673034668
0.0552518367767334
0.05480003356933594
0.02881789207458496
0.011485099792480469
0.051961660385131836
0.036211252212524414
0.0037055015563964844
0.025231599807739258
0.015234231948852539
0.03931379318237305
0.018143892288208008
0.02051401138305664
0.018828630447387695
0.04195737838745117
0.019713878631591797
0.03390932083129883
0.02676081657409668
0.016178369522094727
0.03739571571350098
0.03391146659851074
0.04102945327758789
0.02562403678894043
0.02405691146850586
0.03168368339538574
0.021268367767333984
0.035744667053222656
0.018175840377807617
0.025946617126464844
0.04768180847167969
0.03557753562927246
0.02317643165588379
0.04852938652038574
0.015426397323608398
0.019388437271118164
0.02683234214782715
0.06264090538024902
0.02560734748840332
0.011812448501586914
0.03458762168884277
0.0435943603515625
0.05009651184082031
0.014330625534057617
0.012387514114379883
0.022451400756835938
0.05579495429992676
0.04096174240112305
0.02800893783569336
0.024439573287963867
0.01755213737487793
0.022992372512817383
0.0241549015045166
0.022577524185180664
0.05121898651123047
0.04583287239074707
0.028738975524902344
0.0431215763092041
0.03256058692932129
0.01762223243713379
0.012042045593261719
0.01641535758972168
0.024831771850585938
0.010782480239868164
0.03298640251159668
0.047171592712402344
0.014974355697631836
0.028549671173095703
0.029584169387817383
0.009365081787109375
0.016864538192749023
0.03610801696777344
0.018899202346801758
0.052156686782836914
0.030258893966674805
0.017142772674560547
0.017693519592285156
0.012708902359008789
0.043389320373535156
0.019423246383666992
0.027819156646728516
0.018719911575317383
0.03002476692199707
0.006337165832519531
0.024405479431152344
0.010545969009399414
0.017442703247070312
0.04317879676818848
0.4145171642303467
0.04613971710205078
0.015558958053588867
0.010712385177612305
0.00785374641418457
0.01935744285583496
0.026076078414916992
0.02109694480895996
0.03687906265258789
0.05598735809326172
0.03594803810119629
0.0361330509185791
0.019850969314575195
0.024930238723754883
0.04297161102294922
0.02248382568359375
0.024765968322753906
0.017142534255981445
0.015175819396972656
0.024545669555664062
0.014629602432250977
0.029525279998779297
0.06237936019897461
0.07238554954528809
0.026483535766601562
0.03998684883117676
0.02166891098022461
0.012789249420166016
0.022547483444213867
0.026309728622436523
0.005584001541137695
0.026717424392700195
0.03003859519958496
0.05175971984863281
0.021730899810791016
0.04030966758728027
0.021839380264282227
0.012203216552734375
0.02389836311340332
0.00890803337097168
0.030965805053710938
0.022317171096801758
0.027496337890625
0.015566587448120117
0.015506505966186523
0.011895418167114258
0.020972728729248047
0.02890753746032715
0.016339778900146484
0.01075434684753418
0.012648344039916992
0.03898811340332031
0.0459132194519043
0.04120898246765137
0.030164241790771484
0.0297086238861084
0.0365908145904541
0.03868579864501953
0.043317317962646484
0.04003763198852539
0.012903690338134766
0.023738384246826172
0.030972003936767578
0.024213552474975586
0.004340410232543945
0.017846345901489258
0.04615926742553711
0.028425216674804688
0.013170242309570312
0.04647541046142578
0.027242183685302734
0.02467489242553711
0.04354977607727051
0.05819964408874512
0.043646812438964844
0.032622337341308594
0.02281975746154785
0.05418086051940918
0.011881589889526367
0.02684330940246582
0.01604175567626953
0.012984275817871094
0.015438318252563477
0.018208742141723633
0.019315481185913086
0.06938552856445312
0.031023263931274414
0.018244266510009766
0.05094790458679199
0.032471656799316406
0.0382227897644043
0.03290677070617676
0.02542734146118164
0.04032421112060547
0.029432296752929688
0.036493778228759766
0.02961111068725586
0.025705337524414062
0.02844071388244629
0.016360759735107422
0.051093339920043945
0.0067670345306396484
0.023427724838256836
0.028609752655029297
0.05102348327636719
0.0395357608795166
0.022817611694335938
0.030126333236694336
0.027592182159423828
0.026309967041015625
0.030553817749023438
0.05587005615234375
0.016437292098999023
0.004474639892578125
0.03169703483581543
0.03702974319458008
0.04683995246887207
0.03925204277038574
0.03382682800292969
0.03166770935058594
0.4125082492828369
0.02503037452697754
0.02045464515686035
0.027450084686279297
0.05627107620239258
0.009114980697631836
0.012180089950561523
0.011649131774902344
0.045020103454589844
0.017289400100708008
0.028894901275634766
0.013698816299438477
0.03187441825866699
0.010417461395263672
0.01760244369506836
0.019706249237060547
0.020174503326416016
0.02315354347229004
0.05715823173522949
0.03713250160217285
0.013462543487548828
0.025932788848876953
0.02388477325439453
0.012984752655029297
0.0254819393157959
0.06447720527648926
0.02530360221862793
0.028983592987060547
0.03609323501586914
0.025960206985473633
0.02957940101623535
0.03950047492980957
0.03425955772399902
0.020687341690063477
0.034619808197021484
0.03238415718078613
0.030713558197021484
0.00836324691772461
0.01781153678894043
0.028885841369628906
0.03354382514953613
0.06727099418640137
0.02905869483947754
0.024213314056396484
0.023576736450195312
0.038620948791503906
0.03942060470581055
0.00159454345703125
0.024393796920776367
0.027471303939819336
0.037396907806396484
0.04096031188964844
0.027268409729003906
0.005926847457885742
0.035547494888305664
0.02424764633178711
0.07244586944580078
0.0239713191986084
0.0222930908203125
0.01500082015991211
0.02792644500732422
0.012471199035644531
0.044893503189086914
0.03763937950134277
0.03212738037109375
0.009084939956665039
0.02987074851989746
0.0234529972076416
0.0194852352142334
0.015250921249389648
0.011426687240600586
0.039156436920166016
0.02011585235595703
0.017447233200073242
0.016808271408081055
0.02687811851501465
0.013917922973632812
0.012197732925415039
0.037670135498046875
0.028647661209106445
0.04779648780822754
0.038886070251464844
0.04543781280517578
0.03214716911315918
0.026050090789794922
0.02707648277282715
0.01548147201538086
0.02930760383605957
0.0282437801361084
0.025138139724731445
0.023672103881835938
0.04146313667297363
0.016353130340576172
0.02449798583984375
0.08104705810546875
0.04137921333312988
0.02857518196105957
0.021430253982543945
0.030739307403564453
0.038979291915893555
0.03606724739074707
0.01422119140625
0.0442965030670166
0.025834083557128906
0.010376930236816406
0.003845691680908203
0.013242959976196289
0.009355306625366211
0.03472709655761719
0.05925130844116211
0.01109766960144043
0.030582427978515625
0.04902458190917969
0.02455306053161621
0.02608656883239746
0.020801544189453125
0.05311322212219238
0.023975610733032227
0.029621362686157227
0.04343819618225098
0.045107364654541016
0.04647397994995117
0.02678656578063965
0.026180505752563477
0.030699729919433594
0.018927335739135742
0.016997337341308594
0.04040980339050293
0.026216983795166016
0.019811630249023438
0.03602862358093262
0.028481245040893555
0.03780698776245117
0.02007007598876953
0.0386655330657959
0.008102178573608398
0.009113073348999023
0.0464777946472168
0.03092217445373535
0.04031872749328613
0.042893409729003906
0.017914295196533203
0.028324604034423828
0.01548624038696289
0.028693437576293945
0.0254213809967041
0.012039422988891602
0.0240786075592041
0.008638381958007812
0.11302590370178223
0.04986453056335449
0.04138040542602539
0.018750905990600586
0.010607242584228516
0.0449213981628418
0.041033267974853516
0.021958112716674805
0.014051675796508789
0.04477405548095703
0.012872695922851562
0.019330501556396484
0.013850927352905273
0.038657426834106445
0.040868520736694336
0.016190767288208008
0.04271245002746582
0.040387630462646484
0.024059534072875977
0.34357380867004395
0.04662513732910156
0.021947860717773438
0.07258129119873047
0.03765058517456055
0.03881692886352539
0.021512985229492188
0.04704117774963379
0.02252340316772461
0.011110067367553711
0.02959918975830078
0.018819570541381836
0.02049422264099121
0.02536177635192871
0.04953789710998535
0.04423332214355469
0.018212318420410156
0.022956132888793945
0.02675938606262207
0.011493921279907227
0.07191252708435059
0.02958536148071289
0.036798954010009766
0.03286886215209961
0.05386686325073242
0.025267362594604492
0.021622419357299805
0.03537631034851074
0.007163047790527344
0.010740518569946289
0.01340937614440918
0.035416603088378906
0.017755746841430664
0.043811798095703125
0.001961946487426758
0.026419878005981445
0.03630852699279785
0.040940046310424805
0.026491403579711914
0.017323732376098633
0.013838529586791992
0.024858474731445312
0.03857898712158203
0.023024320602416992
0.01848626136779785
0.05909323692321777
0.030915260314941406
0.01777172088623047
0.02779865264892578
0.042028188705444336
0.03625178337097168
0.024274826049804688
0.012911558151245117
0.03202009201049805
0.033788204193115234
0.013476848602294922
0.022622108459472656
0.030942916870117188
0.03503227233886719
0.023106098175048828
0.03564333915710449
0.010223865509033203
0.027054309844970703
0.014933347702026367
0.019753694534301758
0.01839280128479004
0.02187824249267578
0.03860282897949219
0.0283353328704834
0.017954587936401367
0.011912345886230469
0.011109352111816406
0.0013148784637451172
0.02080059051513672
0.025734424591064453
0.020391464233398438
0.016512632369995117
0.04829239845275879
0.015055179595947266
0.022937536239624023
0.03159356117248535
0.03436613082885742
0.02960038185119629
0.06044483184814453
0.030171632766723633
0.03369259834289551
0.02442646026611328
0.026676177978515625
0.02113628387451172
0.053344011306762695
0.033473968505859375
0.042182207107543945
0.032718658447265625
0.03676867485046387
0.04049277305603027
0.021316051483154297
0.014271259307861328
0.04395914077758789
0.019219636917114258
0.03608536720275879
0.032411813735961914
0.014573097229003906
0.08269691467285156
0.012572050094604492
0.009714841842651367
0.023454666137695312
0.02772665023803711
0.00666046142578125
0.021500825881958008
0.022055864334106445
0.03153705596923828
0.013373136520385742
0.008279800415039062
0.021662235260009766
0.011216402053833008
0.03199124336242676
0.04072237014770508
0.012895345687866211
0.027535438537597656
0.004529714584350586
0.054901838302612305
0.03657388687133789
0.018384933471679688
0.01352071762084961
0.049388885498046875
0.02052450180053711
0.014134407043457031
0.0269167423248291
0.026541709899902344
0.021297693252563477
0.031531333923339844
0.02582573890686035
0.017960786819458008
0.014877796173095703
0.028612852096557617
0.007958412170410156
0.009560823440551758
0.023239612579345703
0.005453586578369141
0.3792867660522461
0.03214621543884277
0.018047809600830078
0.019690990447998047
0.021959304809570312
0.045626163482666016
0.039582014083862305
0.030135631561279297
0.028722763061523438
0.04022812843322754
0.024479389190673828
0.031193256378173828
0.06404304504394531
0.013576030731201172
0.024096965789794922
0.02045130729675293
0.023502111434936523
0.015475749969482422
0.02766895294189453
0.011249065399169922
0.017964601516723633
0.025062084197998047
0.02100396156311035
0.031238555908203125
0.017431020736694336
0.018023252487182617
0.026189088821411133
0.013825416564941406
0.027958154678344727
0.03296065330505371
0.00558781623840332
0.03160452842712402
0.0577085018157959
0.04060173034667969
0.034523963928222656
0.02643275260925293
0.0418548583984375
0.03815150260925293
0.02241206169128418
0.02936387062072754
0.02636861801147461
0.018111228942871094
0.040014028549194336
0.011971712112426758
0.05132341384887695
0.007848024368286133
0.034690141677856445
0.041422367095947266
0.036180734634399414
0.018525362014770508
0.0027976036071777344
0.026133060455322266
0.02140974998474121
0.00789189338684082
0.02554464340209961
0.030012845993041992
0.01160573959350586
0.04605865478515625
0.030661344528198242
0.02471446990966797
0.004685401916503906
0.0288240909576416
0.018015623092651367
0.011753320693969727
0.02140069007873535
0.04468035697937012
0.022410154342651367
0.028447389602661133
0.04741263389587402
0.03283119201660156
0.04949593544006348
0.009889364242553711
0.3643918037414551
0.03467893600463867
0.036933183670043945
0.026578664779663086
0.03527331352233887
0.015865564346313477
0.014585018157958984
0.043383121490478516
0.029458999633789062
0.025539875030517578
0.03413987159729004
0.014214754104614258
0.011229753494262695
0.012803316116333008
0.028334856033325195
0.02001047134399414
0.030719518661499023
0.016408681869506836
0.02650904655456543
0.047246694564819336
0.029277563095092773
0.03738760948181152
0.03359580039978027
0.030355453491210938
0.027029991149902344
0.04458141326904297
0.013190031051635742
0.04970288276672363
0.017736196517944336
0.049822092056274414
0.021785974502563477
0.01749897003173828
0.018683195114135742
0.04118466377258301
0.031005859375
0.026359081268310547
0.017691373825073242
0.01754021644592285
0.03144359588623047
0.03318953514099121
0.05417275428771973
0.02588200569152832
0.03619980812072754
0.04888105392456055
0.020935773849487305
0.040968894958496094
0.04122281074523926
0.018956422805786133
0.022969961166381836
0.03921175003051758
0.02442002296447754
0.04683828353881836
0.05141878128051758
0.018178462982177734
0.03209495544433594
0.031905174255371094
0.060700416564941406
0.0318455696105957
0.015514135360717773
0.028733015060424805
0.022036314010620117
0.030282258987426758
0.032404422760009766
0.055823564529418945
0.02776956558227539
0.013704299926757812
0.0534212589263916
0.4113273620605469
0.03571152687072754
0.02349257469177246
0.018591642379760742
0.017621755599975586
0.02872753143310547
0.019820451736450195
0.02911686897277832
0.03251194953918457
0.03888440132141113
0.033280134201049805
0.01101994514465332
0.019791603088378906
0.01798391342163086
0.03616595268249512
0.023105859756469727
0.015308141708374023
0.06444311141967773
0.03598737716674805
0.032714128494262695
0.027544021606445312
0.01750802993774414
0.018674612045288086
0.02785634994506836
0.03505063056945801
0.039658546447753906
0.03630256652832031
0.02517843246459961
0.04150199890136719
0.02772212028503418
0.03191661834716797
0.02407240867614746
0.003594636917114258
0.04741263389587402
0.04775047302246094
0.06547331809997559
0.03870820999145508
0.032495975494384766
0.0290372371673584
0.02977275848388672
0.009295463562011719
0.01373910903930664
0.03870391845703125
0.02384328842163086
0.02734971046447754
0.02301168441772461
0.014740228652954102
0.04308485984802246
0.03947782516479492
0.03284096717834473
0.004974365234375
0.0336763858795166
0.0410463809967041
0.03215622901916504
0.024219274520874023
0.029448986053466797
0.026976823806762695
0.03963208198547363
0.026337146759033203
0.4139101505279541
0.03747129440307617
0.014736652374267578
0.017351388931274414
0.006437778472900391
0.015284299850463867
0.053159475326538086
0.021167993545532227
0.03210043907165527
0.03334856033325195
0.046413421630859375
0.02556157112121582
0.04624152183532715
0.015938282012939453
0.03831052780151367
0.045493364334106445
0.01887226104736328
0.011051177978515625
0.02206277847290039
0.02704334259033203
0.048905372619628906
0.02929067611694336
0.016007661819458008
0.02907872200012207
0.03644537925720215
0.0057218074798583984
0.03192901611328125
0.02288818359375
0.06545710563659668
0.003837108612060547
0.03376913070678711
0.04096031188964844
0.009414434432983398
0.05101609230041504
0.026581525802612305
0.022452592849731445
0.025890350341796875
0.016674041748046875
0.014464616775512695
0.039389610290527344
0.02407693862915039
0.029436111450195312
0.03018641471862793
0.023177146911621094
0.017915010452270508
0.04098939895629883
0.015847206115722656
0.01252603530883789
0.013031959533691406
0.03776359558105469
0.03737449645996094
0.010466337203979492
0.016993999481201172
0.015810251235961914
0.008835315704345703
0.01690983772277832
0.013406038284301758
0.058432579040527344
0.051273345947265625
0.4413607120513916
0.041040897369384766
0.05668830871582031
0.026011943817138672
0.03587508201599121
0.016967296600341797
0.016401290893554688
0.03667473793029785
0.04562664031982422
0.042146921157836914
0.026514053344726562
0.046534061431884766
0.011792421340942383
0.04920363426208496
0.038443803787231445
0.03598475456237793
0.04413151741027832
0.04158782958984375
0.008942127227783203
0.009476423263549805
0.032910823822021484
0.022953510284423828
0.03187894821166992
0.07312774658203125
0.02972579002380371
0.03212094306945801
0.022194385528564453
0.02701711654663086
0.015002727508544922
0.008288145065307617
0.008778572082519531
0.022641420364379883
0.0406947135925293
0.03130173683166504
0.03228616714477539
0.021273374557495117
0.020634174346923828
0.022423982620239258
0.03267836570739746
0.040749311447143555
0.04105114936828613
0.010913610458374023
0.022070884704589844
0.026104450225830078
0.01947307586669922
0.02263665199279785
0.07219696044921875
0.032269954681396484
0.026427745819091797
0.04785466194152832
0.01046895980834961
0.04177141189575195
0.014658212661743164
0.0312497615814209
0.012675285339355469
0.00857090950012207
0.003279447555541992
0.031500816345214844
0.04784059524536133
0.017705917358398438
0.04737997055053711
0.36200690269470215
0.03590512275695801
0.02297067642211914
0.025171756744384766
0.013791799545288086
0.04716038703918457
0.058469533920288086
0.020656824111938477
0.04186725616455078
0.03136634826660156
0.047850608825683594
0.032613277435302734
0.037312984466552734
0.025774002075195312
0.0690772533416748
0.07392215728759766
0.0618438720703125
0.014587879180908203
0.05408978462219238
0.04632425308227539
0.04142618179321289
0.019672393798828125
0.03988051414489746
0.023190021514892578
0.015402793884277344
0.02468109130859375
0.025187969207763672
0.01772761344909668
0.03622102737426758
0.01619410514831543
0.03930354118347168
0.01742267608642578
0.019793272018432617
0.02750086784362793
0.006905555725097656
0.02427530288696289
0.015119314193725586
0.0404055118560791
0.024988412857055664
0.045514583587646484
0.019834518432617188
0.03429388999938965
0.029597759246826172
0.004979610443115234
0.027438879013061523
0.052210330963134766
0.010374307632446289
0.03971266746520996
0.0274505615234375
0.0122833251953125
0.023946285247802734
0.04465126991271973
0.020070552825927734
0.021731853485107422
0.013719320297241211
0.043440818786621094
0.02772665023803711
0.025288105010986328
0.06367087364196777
0.028171300888061523
0.029875993728637695
0.007068157196044922
0.011603116989135742
0.025285959243774414
0.026118040084838867
0.38312196731567383
0.03625798225402832
0.03678584098815918
0.021793842315673828
0.010221242904663086
0.05763411521911621
0.019181013107299805
0.018097877502441406
0.046509504318237305
0.03795218467712402
0.03058171272277832
0.009580135345458984
0.06335330009460449
0.03626561164855957
0.037453651428222656
0.023986101150512695
0.033812522888183594
0.027881860733032227
0.05855703353881836
0.042359352111816406
0.03320121765136719
0.025188207626342773
0.012388229370117188
0.03597092628479004
0.03419303894042969
0.031238555908203125
0.040601491928100586
0.013817071914672852
0.009305477142333984
0.03564262390136719
0.07044672966003418
0.02302098274230957
0.018284082412719727
0.03513360023498535
0.040374040603637695
0.015734434127807617
0.0272824764251709
0.04701733589172363
0.01397252082824707
0.0483553409576416
0.025196075439453125
0.03703474998474121
0.05942249298095703
0.020579099655151367
0.06043267250061035
0.004220247268676758
0.03769826889038086
0.034071922302246094
0.021056652069091797
0.02929401397705078
0.0293881893157959
0.058417320251464844
0.04152393341064453
0.021780967712402344
0.041555166244506836
0.025310993194580078
0.032996416091918945
0.027446746826171875
0.03743696212768555
0.022038936614990234
0.061002254486083984
0.037578582763671875
0.36403441429138184
0.022229909896850586
0.04146289825439453
0.013766288757324219
0.008482933044433594
0.05683469772338867
0.01984381675720215
0.011937618255615234
0.0603024959564209
0.028774738311767578
0.04430794715881348
0.015025138854980469
0.03060126304626465
0.025231361389160156
0.028656721115112305
0.037743330001831055
0.03171133995056152
0.04465627670288086
0.03633904457092285
0.02481555938720703
0.013450384140014648
0.012420654296875
0.038847923278808594
0.03117656707763672
0.020925283432006836
0.02935624122619629
0.018411874771118164
0.040085792541503906
0.03235268592834473
0.04784369468688965
0.02441239356994629
0.03374004364013672
0.04073309898376465
0.0228574275970459
0.032369136810302734
0.017894268035888672
0.02350139617919922
0.01779341697692871
0.05476570129394531
0.05064868927001953
0.0900428295135498
0.02458953857421875
0.03219270706176758
0.022381067276000977
0.023195266723632812
0.03461647033691406
0.04668855667114258
0.022408246994018555
0.014661550521850586
0.017911434173583984
0.030817270278930664
0.03420758247375488
0.0178525447845459
0.012175559997558594
0.04772305488586426
0.008823394775390625
0.0322880744934082
0.04009580612182617
0.01345682144165039
0.04198169708251953
0.024297714233398438
0.014691591262817383
0.027899742126464844
0.019768953323364258
0.02034306526184082
0.004873514175415039
0.04231715202331543
0.04176950454711914
0.02173614501953125
0.03938126564025879
0.37743401527404785
0.02766132354736328
0.004624128341674805
0.010051488876342773
0.01882171630859375
0.0077326297760009766
0.026926517486572266
0.01669764518737793
0.026343584060668945
0.022347688674926758
0.07041454315185547
0.04120659828186035
0.015186548233032227
0.029448270797729492
0.03652000427246094
0.013773679733276367
0.026704072952270508
0.02494192123413086
0.030613183975219727
0.021350860595703125
0.029495954513549805
0.010045528411865234
0.03883695602416992
0.02914118766784668
0.052748680114746094
0.0469517707824707
0.03934741020202637
0.028337955474853516
0.03508162498474121
0.026543140411376953
0.03170180320739746
0.03093695640563965
0.030730247497558594
0.03162789344787598
0.028186798095703125
0.0447545051574707
0.027392864227294922
0.028277158737182617
0.03721117973327637
0.02507925033569336
0.013833284378051758
0.027159452438354492
0.03423619270324707
0.01950693130493164
0.020412921905517578
0.016975879669189453
0.03217720985412598
0.040599822998046875
0.016844987869262695
0.01876091957092285
0.010661602020263672
0.04135537147521973
0.017307281494140625
0.005324125289916992
0.030423641204833984
0.020362138748168945
0.03731513023376465
0.011574506759643555
0.01981973648071289
0.032120466232299805
0.0273134708404541
0.015395402908325195
0.030721664428710938
0.018290042877197266
0.013394594192504883
0.37128758430480957
0.02344346046447754
0.017106056213378906
0.03428030014038086
0.024906635284423828
0.02179694175720215
0.04981803894042969
0.008576154708862305
0.028705358505249023
0.02052164077758789
0.03716611862182617
0.00994873046875
0.025557518005371094
0.016108989715576172
0.033094167709350586
0.05298614501953125
0.011416912078857422
0.05023622512817383
0.02249884605407715
0.03424358367919922
0.0458981990814209
0.01961064338684082
0.016522884368896484
0.02378249168395996
0.02382969856262207
0.016530752182006836
0.011533021926879883
0.03920602798461914
0.012705326080322266
0.05514216423034668
0.060144901275634766
0.018743276596069336
0.018607616424560547
0.022861242294311523
0.03296613693237305
0.016756534576416016
0.019393205642700195
0.036881208419799805
0.01936626434326172
0.04800081253051758
0.049347639083862305
0.022980928421020508
0.022418737411499023
0.03096747398376465
0.01883077621459961
0.020724058151245117
0.025035858154296875
0.03133559226989746
0.023739099502563477
0.033200740814208984
0.07258796691894531
0.021840572357177734
0.05209517478942871
0.028731822967529297
0.045990943908691406
0.021512269973754883
0.03445315361022949
0.015358924865722656
0.014443635940551758
0.024962425231933594
0.04706311225891113
0.039820194244384766
0.03240680694580078
0.017911672592163086
0.023644447326660156
0.006346940994262695
0.02833700180053711
0.015021085739135742
0.04439401626586914
0.03882741928100586
0.016834497451782227
0.032294273376464844
0.007985830307006836
0.04235219955444336
0.06505227088928223
0.019128084182739258
0.356783390045166
0.04106950759887695
0.029508113861083984
0.0313878059387207
0.03206324577331543
0.011830329895019531
0.02259659767150879
0.03910255432128906
0.01775360107421875
0.013837575912475586
0.0303041934967041
0.040659427642822266
0.023302555084228516
0.01861572265625
0.020267486572265625
0.040611982345581055
0.017659902572631836
0.039215087890625
0.019372224807739258
0.01694965362548828
0.01254582405090332
0.025473833084106445
0.023119449615478516
0.03454732894897461
0.053652048110961914
0.01621842384338379
0.02427077293395996
0.010893583297729492
0.029493331909179688
0.042311906814575195
0.04157543182373047
0.03088665008544922
0.016051054000854492
0.029843807220458984
0.036458730697631836
0.010652303695678711
0.01640152931213379
0.01572275161743164
0.0031957626342773438
0.021697521209716797
0.013894319534301758
0.016996383666992188
0.021263837814331055
0.02404952049255371
0.04744696617126465
0.007002830505371094
0.03052830696105957
0.01996779441833496
0.011749267578125
0.02927565574645996
0.01810169219970703
0.032216548919677734
0.01802968978881836
0.049704551696777344
0.024321556091308594
0.03854823112487793
0.026600360870361328
0.04687237739562988
0.011308431625366211
0.03699326515197754
0.031059741973876953
0.018031597137451172
0.051277875900268555
0.016349077224731445
0.030655384063720703
0.0012853145599365234
0.019745588302612305
0.025879621505737305
0.013870954513549805
0.24233698844909668
0.024269819259643555
0.02212214469909668
0.007981300354003906
0.030042171478271484
0.008751392364501953
0.008020162582397461
0.03596234321594238
0.011085748672485352
0.05304670333862305
0.03780555725097656
0.011478900909423828
0.022843122482299805
0.04755258560180664
0.017472028732299805
0.024789810180664062
0.008130788803100586
0.023947477340698242
0.027161598205566406
0.03650999069213867
0.012125015258789062
0.006360054016113281
0.008929729461669922
0.018574237823486328
0.013462066650390625
0.024838685989379883
0.015452861785888672
0.0028924942016601562
0.01778864860534668
0.019250869750976562
0.008930683135986328
0.010302066802978516
0.021137237548828125
0.02035355567932129
0.02217268943786621
0.02345442771911621
0.037552595138549805
0.0243070125579834
0.022954702377319336
0.024639368057250977
0.019272565841674805
0.023816585540771484
0.021176815032958984
0.010284900665283203
0.038263559341430664
0.008730888366699219
0.016849040985107422
0.030163049697875977
0.029877662658691406
0.031897544860839844
0.02214789390563965
0.027806758880615234
0.01171422004699707
0.032878875732421875
0.04035043716430664
0.020971059799194336
0.018096208572387695
0.019728660583496094
0.013197183609008789
0.012010574340820312
0.02011871337890625
0.016846656799316406
0.0017273426055908203
0.027678966522216797
0.010353803634643555
0.024268388748168945
0.030920028686523438
0.00897216796875
0.017177820205688477
0.24455499649047852
0.014512777328491211
0.019383907318115234
0.01622748374938965
0.025199413299560547
0.020275115966796875
0.011789560317993164
0.013142108917236328
0.004823446273803711
0.011401891708374023
0.01436758041381836
0.026671886444091797
0.014089345932006836
0.014014720916748047
0.028940677642822266
0.016018390655517578
0.012908697128295898
0.006379127502441406
0.031215906143188477
0.029320955276489258
0.014984369277954102
0.005379915237426758
0.012946605682373047
0.025963783264160156
0.006007194519042969
0.009847879409790039
0.005671977996826172
0.018233776092529297
0.02850031852722168
0.0340275764465332
0.014940261840820312
0.015181779861450195
0.027904272079467773
0.015839815139770508
0.01846909523010254
0.019189119338989258
0.029738903045654297
0.025806427001953125
0.022454261779785156
0.04056286811828613
0.008104324340820312
0.026630640029907227
0.01033926010131836
0.008921623229980469
0.010715246200561523
0.007587909698486328
0.010026693344116211
0.011039972305297852
0.017067432403564453
0.02066826820373535
0.018408775329589844
0.004643917083740234
0.01823115348815918
0.018784046173095703
0.011711835861206055
0.0017583370208740234
0.013986349105834961
0.0287935733795166
0.009735822677612305
0.013069868087768555
0.02023005485534668
0.005697965621948242
0.010775327682495117
0.030874967575073242
0.027002811431884766
0.008489608764648438
0.007138490676879883
0.23510122299194336
0.015099287033081055
0.015134096145629883
0.017418384552001953
0.020494461059570312
0.014369726181030273
0.010259628295898438
0.029559850692749023
0.009200334548950195
0.013846158981323242
0.011962413787841797
0.011356353759765625
0.008353471755981445
0.013014078140258789
0.014440059661865234
0.03682971000671387
0.014963150024414062
0.011777639389038086
0.017957687377929688
0.016855478286743164
0.007458209991455078
0.020604610443115234
0.02621912956237793
0.013944387435913086
0.010400056838989258
0.017856597900390625
0.04285240173339844
0.019881248474121094
0.018756628036499023
0.04945063591003418
0.01290583610534668
0.028057098388671875
0.020136117935180664
0.024100303649902344
0.014481306076049805
0.013248205184936523
0.025243043899536133
0.011077404022216797
0.0159757137298584
0.0248565673828125
0.011411190032958984
0.01930546760559082
0.0037457942962646484
0.008584976196289062
0.035039663314819336
0.022921085357666016
0.005205631256103516
0.011780261993408203
0.018543481826782227
0.007236480712890625
0.019435882568359375
0.02187824249267578
0.022901058197021484
0.0040285587310791016
0.03352165222167969
0.03636336326599121
0.021863460540771484
0.024014711380004883
0.019715309143066406
0.04495596885681152
0.01990485191345215
0.03483152389526367
0.03150820732116699
0.009328365325927734
0.006989002227783203
0.020240068435668945
0.2400062084197998
0.03985190391540527
0.015908241271972656
0.02787947654724121
0.014646530151367188
0.02158188819885254
0.013633489608764648
0.025676488876342773
0.00942683219909668
0.011045455932617188
0.022714614868164062
0.017208099365234375
0.010268926620483398
0.022135257720947266
0.016828060150146484
0.026988744735717773
0.027281999588012695
0.021444082260131836
0.0279543399810791
0.010800838470458984
0.005349397659301758
0.0051381587982177734
0.02238321304321289
0.03314352035522461
0.019744873046875
0.013787269592285156
0.032311201095581055
0.04052877426147461
0.030420780181884766
0.018348217010498047
0.012051582336425781
0.006395578384399414
0.016460895538330078
0.019407272338867188
0.016478776931762695
0.013654470443725586
0.020849227905273438
0.01886606216430664
0.027971267700195312
0.01361536979675293
0.016690492630004883
0.024944782257080078
0.00962519645690918
0.011234283447265625
0.020400285720825195
0.023305892944335938
0.0069048404693603516
0.017925500869750977
0.009298324584960938
0.009540796279907227
0.02849888801574707
0.01186370849609375
0.008718252182006836
0.0211794376373291
0.009320735931396484
0.04452943801879883
0.010367393493652344
0.019585847854614258
0.011131763458251953
0.012338876724243164
0.03355860710144043
0.025133132934570312
0.026347637176513672
0.02034139633178711
0.036719560623168945
0.023398399353027344
0.014789581298828125
0.01815199851989746
0.012356758117675781
0.02926015853881836
0.023636817932128906
0.02126002311706543
0.031287431716918945
0.029059886932373047
0.02948594093322754
0.020609140396118164
0.032697200775146484
0.00818324089050293
0.01933908462524414
0.03598666191101074
0.021532058715820312
0.02569890022277832
0.024724483489990234
0.013594865798950195
0.021503925323486328
0.007491350173950195
0.022188186645507812
0.021871089935302734
0.018001556396484375
0.01064753532409668
0.026338815689086914
0.020438194274902344
0.023664236068725586
0.01692676544189453
0.020466327667236328
0.02047133445739746
0.010958671569824219
0.005919456481933594
0.034938812255859375
0.037496328353881836
0.021228790283203125
0.03225302696228027
0.018217802047729492
0.015585660934448242
0.03512835502624512
0.028458356857299805
0.010138273239135742
0.01234292984008789
0.01256704330444336
0.008897542953491211
0.03674054145812988
0.02203536033630371
0.0066754817962646484
0.04148530960083008
0.0019490718841552734
0.015562057495117188
0.01982259750366211
0.02313828468322754
0.018072128295898438
0.022332429885864258
0.04700803756713867
0.01854729652404785
0.0032150745391845703
0.02499079704284668
0.03314065933227539
0.007512569427490234
0.008196353912353516
0.007857799530029297
0.0393681526184082
0.008757591247558594
0.0190279483795166
0.009582042694091797
0.013321399688720703
0.016786813735961914
0.020861387252807617
0.0268402099609375
0.012642621994018555
0.017619848251342773
0.02144169807434082
0.02874588966369629
0.017103910446166992
0.016035795211791992
0.028342008590698242
0.019240856170654297
0.015367507934570312
0.02277517318725586
0.020770549774169922
0.0010347366333007812
0.0011162757873535156
0.25464391708374023
0.023625612258911133
0.007907390594482422
0.02838587760925293
0.021473169326782227
0.04999089241027832
0.024919986724853516
0.010460615158081055
0.010536670684814453
0.020544767379760742
0.026571989059448242
0.008719444274902344
0.019405841827392578
0.024425745010375977
0.022221088409423828
0.007169008255004883
0.009830951690673828
0.003095865249633789
0.016323566436767578
0.02040886878967285
0.018872737884521484
0.022058486938476562
0.024732589721679688
0.00791168212890625
0.01460719108581543
0.006485700607299805
0.009291887283325195
0.02799367904663086
0.024208784103393555
0.022719383239746094
0.02858757972717285
0.029784679412841797
0.011718511581420898
0.01077890396118164
0.016579151153564453
0.02330636978149414
0.006583213806152344
0.018517494201660156
0.014422416687011719
0.03583693504333496
0.015290260314941406
0.01298666000366211
0.007058858871459961
0.022051334381103516
0.027391910552978516
0.024532318115234375
0.004433393478393555
0.015208959579467773
0.02228379249572754
0.026450157165527344
0.03359365463256836
0.012314558029174805
0.014807701110839844
0.026834487915039062
0.033762216567993164
0.01346588134765625
0.019730567932128906
0.007853031158447266
0.018749713897705078
0.013069629669189453
0.024541139602661133
0.01147317886352539
0.028515338897705078
0.026350736618041992
0.014585256576538086
0.009873390197753906
0.008362531661987305
0.010626554489135742
0.2424013614654541
0.026441335678100586
0.00854039192199707
0.013325929641723633
0.01113271713256836
0.02198171615600586
0.006682157516479492
0.006587982177734375
0.019647836685180664
0.014470577239990234
0.013848066329956055
0.027029752731323242
0.009694337844848633
0.003284931182861328
0.013471364974975586
0.03367280960083008
0.02168869972229004
0.03108358383178711
0.011094093322753906
0.025218963623046875
0.012239456176757812
0.005242347717285156
0.014181852340698242
0.012244939804077148
0.027238845825195312
0.03628110885620117
0.01434946060180664
0.03882169723510742
0.010698795318603516
0.024321556091308594
0.01455378532409668
0.04246401786804199
0.017294883728027344
0.018087148666381836
0.01309061050415039
0.01297616958618164
0.015211105346679688
0.010239601135253906
0.02976226806640625
0.01863884925842285
0.012401819229125977
0.020198345184326172
0.022983312606811523
0.022025108337402344
0.017066001892089844
0.0010857582092285156
0.00920557975769043
0.03903985023498535
0.04170584678649902
0.014101028442382812
0.02059340476989746
0.010564804077148438
0.009128332138061523
0.020837783813476562
0.018818378448486328
0.02445673942565918
0.026026010513305664
0.0092620849609375
0.011414527893066406
0.023998260498046875
0.029090404510498047
0.03429579734802246
0.003865957260131836
0.009217500686645508
0.005033969879150391
0.01446676254272461
0.015782594680786133
0.03603649139404297
0.015873432159423828
0.019360065460205078
0.03104424476623535
0.013620376586914062
0.24848651885986328
0.013232231140136719
0.018681049346923828
0.02432084083557129
0.015580177307128906
0.005312919616699219
0.015078306198120117
0.005430698394775391
0.010159730911254883
0.016018390655517578
0.02026820182800293
0.01344442367553711
0.01762247085571289
0.008823633193969727
0.022442102432250977
0.014456987380981445
0.007448911666870117
0.027248620986938477
0.02849102020263672
0.014414310455322266
0.02466416358947754
0.01246953010559082
0.018541812896728516
0.014110088348388672
0.013944625854492188
0.024348974227905273
0.01720905303955078
0.007815122604370117
0.0137786865234375
0.011806488037109375
0.009993553161621094
0.02219676971435547
0.016484498977661133
0.03162813186645508
0.010757207870483398
0.017582178115844727
0.003184795379638672
0.01930522918701172
0.017592668533325195
0.010338544845581055
0.03873467445373535
0.019611835479736328
0.021054983139038086
0.023160934448242188
0.023775577545166016
0.01598215103149414
0.017282962799072266
0.00858759880065918
0.03231978416442871
0.012269258499145508
0.01190328598022461
0.01805281639099121
0.017316818237304688
0.015413284301757812
0.02343916893005371
0.024667024612426758
0.015212059020996094
0.02839827537536621
0.012122392654418945
0.00899648666381836
0.013133764266967773
0.0025129318237304688
0.019334077835083008
0.012804508209228516
0.010680675506591797
0.012038230895996094
0.02202630043029785
0.036840200424194336
0.01416325569152832
0.02794671058654785
0.020596027374267578
0.025944948196411133
0.01887369155883789
0.24240326881408691
0.03996849060058594
0.03221464157104492
0.037548065185546875
0.01913619041442871
0.03586578369140625
0.014872550964355469
0.015497922897338867
0.024974822998046875
0.02397322654724121
0.020930767059326172
0.03986096382141113
0.0011293888092041016
0.018102645874023438
0.012835025787353516
0.020174741744995117
0.01812601089477539
0.01871967315673828
0.018236637115478516
0.0185089111328125
0.039154052734375
0.02138066291809082
0.018314599990844727
0.02270197868347168
0.012409448623657227
0.010988473892211914
0.011446952819824219
0.021605253219604492
0.003476381301879883
0.015522003173828125
0.02451300621032715
0.024754047393798828
0.013924121856689453
0.032071590423583984
0.02597522735595703
0.02732086181640625
0.025297164916992188
0.030089139938354492
0.01741933822631836
0.0027120113372802734
0.023673295974731445
0.029874086380004883
0.029221296310424805
0.02407217025756836
0.018828868865966797
0.0026159286499023438
0.012147903442382812
0.0206606388092041
0.02321457862854004
0.024138450622558594
0.035396575927734375
0.02049088478088379
0.011180877685546875
0.027566194534301758
0.026781558990478516
0.01731562614440918
0.021121978759765625
0.03041243553161621
0.01751708984375
0.001089334487915039
0.014078378677368164
0.016824007034301758
0.02283310890197754
0.022711515426635742
0.019952774047851562
0.022235393524169922
0.017472028732299805
0.02214217185974121
0.006932258605957031
0.015363454818725586
0.027246475219726562
0.02286672592163086
0.02014636993408203
0.03306746482849121
0.014397382736206055
0.022797584533691406
0.005021810531616211
0.24106788635253906
0.027727603912353516
0.023657560348510742
0.01919698715209961
0.03636908531188965
0.023151636123657227
0.020325183868408203
0.018707990646362305
0.02050495147705078
0.021199703216552734
0.035787105560302734
0.04563498497009277
0.022837400436401367
0.013921022415161133
0.004342794418334961
0.018236160278320312
0.018914461135864258
0.01904892921447754
0.016876220703125
0.03352093696594238
0.020615100860595703
0.025584936141967773
0.007344722747802734
0.013888835906982422
0.013442516326904297
0.019083738327026367
0.03669381141662598
0.024713993072509766
0.017611980438232422
0.03051280975341797
0.05156564712524414
0.022716999053955078
0.029920578002929688
0.02690911293029785
0.025887012481689453
0.025990009307861328
0.008191823959350586
0.02186441421508789
0.013018131256103516
0.021673202514648438
0.02363729476928711
0.012059926986694336
0.011266469955444336
0.003610849380493164
0.012989997863769531
0.02222466468811035
0.011567115783691406
0.017974138259887695
0.017882585525512695
0.018871068954467773
0.02321791648864746
0.030865192413330078
0.014170646667480469
0.016724348068237305
0.009382247924804688
0.011073827743530273
0.010312795639038086
0.02037811279296875
0.025417566299438477
0.00870513916015625
0.025683164596557617
0.0210418701171875
0.01779913902282715
0.027014732360839844
0.03626370429992676
0.024173974990844727
0.0239105224609375
0.014331579208374023
0.00977778434753418
0.014486074447631836
0.012536764144897461
0.01074528694152832
0.009682416915893555
0.23920106887817383
0.026145219802856445
0.03078913688659668
0.0157163143157959
0.010619163513183594
0.016321182250976562
0.025443315505981445
0.010368824005126953
0.013970613479614258
0.03627514839172363
0.027446269989013672
0.004439592361450195
0.021085023880004883
0.03840065002441406
0.02296161651611328
0.043144941329956055
0.022075653076171875
0.03849458694458008
0.0067615509033203125
0.02408003807067871
0.03692746162414551
0.025909423828125
0.02137589454650879
0.01886916160583496
0.03273797035217285
0.009882926940917969
0.012008905410766602
0.016353368759155273
0.037273406982421875
0.026070833206176758
0.02642989158630371
0.0071468353271484375
0.024623870849609375
0.028818130493164062
0.017161846160888672
0.010591745376586914
0.028311491012573242
0.015899658203125
0.015568971633911133
0.0178225040435791
0.03790855407714844
0.015966415405273438
0.010086774826049805
0.019918203353881836
0.020701169967651367
0.015996217727661133
0.013978004455566406
0.016890525817871094
0.01736927032470703
0.01657843589782715
0.008836030960083008
0.025235414505004883
0.021831750869750977
0.03182244300842285
0.01662278175354004
0.028453588485717773
0.016178369522094727
0.007621288299560547
0.0034482479095458984
0.004224538803100586
0.013997077941894531
0.005854368209838867
0.0018696784973144531
0.010618925094604492
0.00432133674621582
0.024201393127441406
0.019493579864501953
0.009517192840576172
0.020041465759277344
0.028714418411254883
0.011918306350708008
0.028738737106323242
0.013609170913696289
0.009057044982910156
0.018347740173339844
0.013111591339111328
0.2522149085998535
0.005503654479980469
0.013681650161743164
0.016416311264038086
0.020534753799438477
0.026723861694335938
0.0259854793548584
0.01593637466430664
0.03099989891052246
0.020282268524169922
0.01128387451171875
0.006724119186401367
0.03089118003845215
0.035349130630493164
0.04080796241760254
0.02127671241760254
0.021815776824951172
0.018149614334106445
0.016855955123901367
0.019031047821044922
0.02317523956298828
0.012846708297729492
0.02029109001159668
0.011076211929321289
0.011032342910766602
0.028542518615722656
0.01679253578186035
0.02308177947998047
0.027227163314819336
0.012006759643554688
0.022702693939208984
0.02146768569946289
0.022814512252807617
0.023127317428588867
0.03160262107849121
0.02333807945251465
0.025384187698364258
0.006278038024902344
0.011754751205444336
0.014662742614746094
0.02567601203918457
0.026089191436767578
0.019580841064453125
0.024854421615600586
0.03590798377990723
0.014735937118530273
0.016902923583984375
0.019496917724609375
0.005326986312866211
0.02503204345703125
0.0269162654876709
0.014409065246582031
0.010445594787597656
0.03197455406188965
0.021349668502807617
0.028723478317260742
0.016370534896850586
0.011818885803222656
0.017228126525878906
0.03455924987792969
0.021895170211791992
0.028910160064697266
0.019986391067504883
0.008060932159423828
0.02034163475036621
0.023932933807373047
0.0011527538299560547
0.045252323150634766
0.023946046829223633
0.025665998458862305
0.01378631591796875
0.0036001205444335938
0.021107912063598633
0.018706083297729492
0.011781454086303711
0.024824142456054688
0.02115011215209961
0.0397946834564209
0.0011470317840576172
0.00558161735534668
0.2927412986755371
0.022724151611328125
0.016813993453979492
0.017816781997680664
0.006041049957275391
0.019228458404541016
0.014859914779663086
0.011914491653442383
0.034653425216674805
0.018583297729492188
0.036440134048461914
0.028613805770874023
0.023660659790039062
0.01167917251586914
0.019053220748901367
0.030420780181884766
0.03585076332092285
0.02211928367614746
0.021331071853637695
0.025740861892700195
0.015361785888671875
0.013987302780151367
0.009103059768676758
0.011145353317260742
0.009914636611938477
0.0190122127532959
0.018602609634399414
0.028421640396118164
0.03380131721496582
0.01895594596862793
0.007420063018798828
0.024420499801635742
0.018877267837524414
0.00821232795715332
0.003792285919189453
0.013131141662597656
0.017983436584472656
0.039193153381347656
0.0278627872467041
0.0310821533203125
0.013705730438232422
0.019206523895263672
0.00699305534362793
0.01184701919555664
0.03725266456604004
0.008285999298095703
0.005194425582885742
0.00862431526184082
0.00745081901550293
0.007748126983642578
0.030779361724853516
0.028961658477783203
0.01514744758605957
0.011037349700927734
0.008462190628051758
0.016632080078125
0.03611040115356445
0.019415855407714844
0.017554283142089844
0.0069103240966796875
0.019156694412231445
0.027392864227294922
0.0077512264251708984
0.02143406867980957
0.021358728408813477
0.03150033950805664
0.008029460906982422
0.023900747299194336
0.034531593322753906
0.04687762260437012
0.027803659439086914
0.023230791091918945
0.015141963958740234
0.01528167724609375
0.025240182876586914
0.052135467529296875
0.00955510139465332
0.028599977493286133
0.021574020385742188
0.010981082916259766
0.014328718185424805
0.022528886795043945
0.2657010555267334
0.02120804786682129
0.015871524810791016
0.008532524108886719
0.023651599884033203
0.010982513427734375
0.03322124481201172
0.023203611373901367
0.0198976993560791
0.040667057037353516
0.005997180938720703
0.026615381240844727
0.01912713050842285
0.014188528060913086
0.015448808670043945
0.003148317337036133
0.028961181640625
0.0175325870513916
0.00963735580444336
0.020457983016967773
0.016587495803833008
0.014318704605102539
0.017424583435058594
0.0275418758392334
0.01030731201171875
0.021706104278564453
0.019641399383544922
0.006589412689208984
0.05284881591796875
0.03300213813781738
0.008289337158203125
0.008704185485839844
0.008254528045654297
0.017238378524780273
0.006743907928466797
0.02499103546142578
0.015519857406616211
0.022602319717407227
0.015196800231933594
0.026796579360961914
0.02795124053955078
0.019528865814208984
0.007231950759887695
0.030750513076782227
0.030165433883666992
0.03346705436706543
0.04062604904174805
0.025471210479736328
0.009632349014282227
0.016443967819213867
0.011664628982543945
0.023308277130126953
0.03312563896179199
0.009711027145385742
0.015950679779052734
0.017574787139892578
0.026636600494384766
0.022666454315185547
0.025729656219482422
0.017048120498657227
0.018301963806152344
0.023075580596923828
0.013920783996582031
0.022980928421020508
0.0025262832641601562
0.024949073791503906
0.02357196807861328
0.01302790641784668
0.026024818420410156
0.009300470352172852
0.022542953491210938
0.020900964736938477
0.0012488365173339844
0.02663707733154297
0.017780303955078125
0.013712406158447266
0.008111715316772461
0.0027861595153808594
0.0037984848022460938
0.02858257293701172
0.03080153465270996
0.01732492446899414
0.011087656021118164
0.011079549789428711
0.2407693862915039
0.011173725128173828
0.023029565811157227
0.02111530303955078
0.011422395706176758
0.023729562759399414
0.019807100296020508
0.021836042404174805
0.0253446102142334
0.021572113037109375
0.012276411056518555
0.013480663299560547
0.022600173950195312
0.014491796493530273
0.022568464279174805
0.01769113540649414
0.008234977722167969
0.024805307388305664
0.009416818618774414
0.03522491455078125
0.015198469161987305
0.025286197662353516
0.014229059219360352
0.028411865234375
0.03379487991333008
0.03349637985229492
0.018935680389404297
0.01630401611328125
0.02622365951538086
0.015229225158691406
0.031609296798706055
0.020419836044311523
0.010962963104248047
0.017647981643676758
0.029482364654541016
0.008781909942626953
0.011471271514892578
0.002765178680419922
0.019472122192382812
0.01573324203491211
0.02834773063659668
0.024565458297729492
0.0063250064849853516
0.021749258041381836
0.013931751251220703
0.009714603424072266
0.014085531234741211
0.0038475990295410156
0.020405054092407227
0.03783249855041504
0.012430191040039062
0.004355430603027344
0.009534597396850586
0.013606548309326172
0.024595022201538086
0.010965108871459961
0.025957584381103516
0.020097970962524414
0.014729022979736328
0.009581804275512695
0.017839670181274414
0.024697303771972656
0.022997617721557617
0.021168231964111328
0.01715850830078125
0.025870800018310547
0.031009435653686523
0.017868757247924805
0.017869234085083008
0.0118255615234375
0.012073516845703125
0.01505732536315918
0.019980669021606445
0.0421140193939209
0.011023998260498047
0.032895565032958984
0.013041973114013672
0.015307903289794922
0.023885726928710938
0.01476597785949707
0.02200460433959961
0.03395652770996094
0.030013322830200195
0.007983207702636719
0.24430465698242188
0.010818004608154297
0.02007889747619629
0.04748106002807617
0.017724990844726562
0.010591983795166016
0.023886919021606445
0.029983043670654297
0.040277957916259766
0.030480623245239258
0.027451276779174805
0.013077735900878906
0.02572464942932129
0.032819509506225586
0.027771472930908203
0.01709270477294922
0.012804031372070312
0.034447669982910156
0.017167329788208008
0.020521163940429688
0.019282102584838867
0.012123823165893555
0.022310495376586914
0.0428316593170166
0.014781951904296875
0.02326035499572754
0.021692991256713867
0.030080556869506836
0.020836353302001953
0.03835010528564453
0.014283180236816406
0.0294344425201416
0.014760971069335938
0.035669803619384766
0.015160560607910156
0.007037639617919922
0.00794529914855957
0.019385099411010742
0.0031888484954833984
0.015172958374023438
0.03461718559265137
0.030356645584106445
0.020595312118530273
0.03888344764709473
0.015266656875610352
0.02999734878540039
0.01430964469909668
0.02094125747680664
0.025655269622802734
0.008158445358276367
0.02189803123474121
0.02869701385498047
0.01657390594482422
0.010840892791748047
0.025416135787963867
0.007475852966308594
0.02641892433166504
0.027054786682128906
0.028283119201660156
0.0056874752044677734
0.026384830474853516
0.02324080467224121
0.013623952865600586
0.04850459098815918
0.035294294357299805
0.007467985153198242
0.014894247055053711
0.012160778045654297
0.029026269912719727
0.010119438171386719
0.012131690979003906
0.0216677188873291
0.010566234588623047
0.022325515747070312
0.020090341567993164
0.2393646240234375
0.015901803970336914
0.018854141235351562
0.01569080352783203
0.005091428756713867
0.013107776641845703
0.004483461380004883
0.040495872497558594
0.017794370651245117
0.012120485305786133
0.020618915557861328
0.019583940505981445
0.00950932502746582
0.010277748107910156
0.007017612457275391
0.03060436248779297
0.003381967544555664
0.011960744857788086
0.002243518829345703
0.016544342041015625
0.019491910934448242
0.016396522521972656
0.009688854217529297
0.0259706974029541
0.017348527908325195
0.027576684951782227
0.013579368591308594
0.03362131118774414
0.019366979598999023
0.021811246871948242
0.025304317474365234
0.031920671463012695
0.021409034729003906
0.012310504913330078
0.006180286407470703
0.019459009170532227
0.008978605270385742
0.0139923095703125
0.011723756790161133
0.014980316162109375
0.026453018188476562
0.018579959869384766
0.011598825454711914
0.020554542541503906
0.005436897277832031
0.013476371765136719
0.027197599411010742
0.010129451751708984
0.020368576049804688
0.008301973342895508
0.014736652374267578
0.009777069091796875
0.013303995132446289
0.018533945083618164
0.02699446678161621
0.015837430953979492
0.02928900718688965
0.004425764083862305
0.008017778396606445
0.029501676559448242
0.01560521125793457
0.025889873504638672
0.023149728775024414
0.02568674087524414
0.027634143829345703
0.02640557289123535
0.027912139892578125
0.013181447982788086
0.008758306503295898
0.020009279251098633
0.012323856353759766
0.01428079605102539
0.2613036632537842
0.024350881576538086
0.012525320053100586
0.018524885177612305
0.04083609580993652
0.009645700454711914
0.01856517791748047
0.02798914909362793
0.01411128044128418
0.011728286743164062
0.016082763671875
0.018031597137451172
0.011501312255859375
0.016124486923217773
0.01736307144165039
0.0149078369140625
0.011292695999145508
0.027942657470703125
0.013876199722290039
0.017102956771850586
0.022081851959228516
0.02900385856628418
0.031021595001220703
0.03374028205871582
0.020984172821044922
0.023932695388793945
0.021847248077392578
0.01334524154663086
0.015239477157592773
0.017881393432617188
0.021332263946533203
0.019923925399780273
0.015347957611083984
0.011205673217773438
0.012392044067382812
0.0354769229888916
0.025964021682739258
0.008904695510864258
0.018440723419189453
0.015100955963134766
0.015230417251586914
0.018144845962524414
0.017374038696289062
0.02463245391845703
0.008884429931640625
0.02576756477355957
0.02644634246826172
0.0289614200592041
0.013514518737792969
0.017395734786987305
0.01839160919189453
0.016005277633666992
0.02933478355407715
0.010670185089111328
0.016971111297607422
0.03027939796447754
0.022096872329711914
0.0306699275970459
0.01841568946838379
0.0231173038482666
0.03318643569946289
0.027582406997680664
0.0339350700378418
0.022516250610351562
0.011362314224243164
0.015970230102539062
0.025260210037231445
0.01684427261352539
0.022792577743530273
0.2435610294342041
0.010797262191772461
0.031412363052368164
0.02402520179748535
0.015420913696289062
0.01753091812133789
0.022574424743652344
0.022184133529663086
0.025897741317749023
0.014930248260498047
0.008241653442382812
0.0060062408447265625
0.016318798065185547
0.012329816818237305
0.014595985412597656
0.014481306076049805
0.02136397361755371
0.010575294494628906
0.010757684707641602
0.014948844909667969
0.023345947265625
0.027304649353027344
0.02969050407409668
0.02096700668334961
0.011285781860351562
0.02266860008239746
0.026629924774169922
0.006744384765625
0.00930476188659668
0.023206233978271484
0.01923394203186035
0.021454334259033203
0.03655195236206055
0.016660690307617188
0.016348600387573242
0.019147396087646484
0.009128808975219727
0.005135774612426758
0.02353215217590332
0.010574817657470703
0.014425277709960938
0.02348947525024414
0.023047924041748047
0.019872665405273438
0.020264387130737305
0.021924972534179688
0.00690770149230957
0.016902923583984375
0.014234304428100586
0.02651214599609375
0.02013421058654785
0.0206601619720459
0.017061948776245117
0.013500213623046875
0.020450830459594727
0.016310691833496094
0.019909381866455078
0.01776432991027832
0.03880810737609863
0.03224778175354004
0.010493278503417969
0.031824350357055664
0.018769264221191406
0.010060787200927734
0.038683414459228516
0.015197992324829102
0.025972604751586914
0.007699251174926758
0.028568029403686523
0.04053330421447754
0.015167236328125
0.008047819137573242
0.0077266693115234375
0.004624366760253906
0.015086174011230469
0.025660037994384766
0.0273897647857666
0.012492895126342773
0.009433984756469727
0.02632594108581543
0.01394963264465332
0.012974262237548828
0.01326751708984375
0.027294158935546875
0.013025999069213867
0.012035369873046875
0.019339799880981445
0.009037017822265625
0.016655921936035156
0.024797916412353516
0.004283428192138672
0.012102603912353516
0.016678571701049805
0.0036737918853759766
0.017714262008666992
0.004160642623901367
0.01658773422241211
0.0059642791748046875
0.016544580459594727
0.028758525848388672
0.010107994079589844
0.02158355712890625
0.01326298713684082
0.013803720474243164
0.02486729621887207
0.013720273971557617
0.014661073684692383
0.010080337524414062
0.030787229537963867
0.018153667449951172
0.005628108978271484
0.011777877807617188
0.004789590835571289
0.013219594955444336
0.02597498893737793
0.010524272918701172
0.017059326171875
0.022965192794799805
0.019892454147338867
0.020194053649902344
0.009061336517333984
0.028207778930664062
0.010411977767944336
0.0014541149139404297
0.02200770378112793
0.019861936569213867
0.028990745544433594
0.019309043884277344
0.026146650314331055
0.008476018905639648
0.01704549789428711
0.022713661193847656
0.03287148475646973
0.005960941314697266
0.02942490577697754
0.029151201248168945
0.02542710304260254
0.02811455726623535
0.02101421356201172
0.028634071350097656
0.01579880714416504
0.016800880432128906
0.01166224479675293
0.013112545013427734
0.027968168258666992
0.017285585403442383
0.03390836715698242
0.003191232681274414
0.012603998184204102
0.023331165313720703
0.019657135009765625
0.012687444686889648
0.010290861129760742
0.03479194641113281
0.010689258575439453
0.03315305709838867
0.011784553527832031
0.008929014205932617
0.01074528694152832
0.017901897430419922
0.018093109130859375
0.019304752349853516
0.009152412414550781
0.018980979919433594
0.02058863639831543
0.012706995010375977
0.02004408836364746
0.020496606826782227
0.04503893852233887
0.028118610382080078
0.014713525772094727
0.02609539031982422
0.010418891906738281
0.019555330276489258
0.0250704288482666
0.025687456130981445
0.020047903060913086
0.009800910949707031
0.021551132202148438
0.017209291458129883
0.002569437026977539
0.016419649124145508
0.04002857208251953
0.022005319595336914
0.03865861892700195
0.03494000434875488
0.007982969284057617
0.01100921630859375
0.030465364456176758
0.011663198471069336
0.022477149963378906
0.011206865310668945
0.03275775909423828
0.021670103073120117
0.005285024642944336
0.027499914169311523
0.014298200607299805
0.01989150047302246
0.019489765167236328
0.019888877868652344
0.010219097137451172
0.012128591537475586
0.03643488883972168
0.024985790252685547
0.025197744369506836
0.04143857955932617
0.014084339141845703
0.02720928192138672
0.014406919479370117
0.008205175399780273
0.011405229568481445
0.015026330947875977
0.024782896041870117
0.02359175682067871
0.01677393913269043
0.019412755966186523
0.02715778350830078
0.024300575256347656
0.013649702072143555
0.025937557220458984
0.04144716262817383
0.016978740692138672
0.02698040008544922
0.014232873916625977
0.012704849243164062
0.024567365646362305
0.016775131225585938
0.02587103843688965
0.014920949935913086
0.03289055824279785
0.022001266479492188
0.028548717498779297
0.012488126754760742
0.010898351669311523
0.02644181251525879
0.017864465713500977
0.024950742721557617
0.028004169464111328
0.013016939163208008
0.006669759750366211
0.023040294647216797
0.01165008544921875
0.0109405517578125
0.023566722869873047
0.024942874908447266
0.01524806022644043
0.024415969848632812
0.023523807525634766
0.026592493057250977
0.021988630294799805
0.009326457977294922
0.03134894371032715
0.012124300003051758
0.010556697845458984
0.028532981872558594
0.006747007369995117
0.007531642913818359
0.012907743453979492
0.0190885066986084
0.01941990852355957
0.013705253601074219
0.00980377197265625
0.029491662979125977
0.018397808074951172
0.016556262969970703
0.020899295806884766
0.010239601135253906
0.02758026123046875
0.00661468505859375
0.01445317268371582
0.028639554977416992
0.026621580123901367
0.005733013153076172
0.016657114028930664
0.030461549758911133
0.006289958953857422
0.02260303497314453
0.00961923599243164
0.024910449981689453
0.020484209060668945
0.016264915466308594
0.03624105453491211
0.006276845932006836
0.020175457000732422
0.02752232551574707
0.02600550651550293
0.0409083366394043
0.005415201187133789
0.01369929313659668
0.02472996711730957
0.04267406463623047
0.01575946807861328
0.014272928237915039
0.013676643371582031
0.024188756942749023
0.005242109298706055
0.021101951599121094
0.014076948165893555
0.024419069290161133
0.03470802307128906
0.023749828338623047
0.017841100692749023
0.03291916847229004
0.03248453140258789
0.03381848335266113
0.02414107322692871
0.022649049758911133
0.25668787956237793
0.015656232833862305
0.0375521183013916
0.01902604103088379
0.01576542854309082
0.010519266128540039
0.01958179473876953
0.010872602462768555
0.015047311782836914
0.027278661727905273
0.017280101776123047
0.01932358741760254
0.022331714630126953
0.013503789901733398
0.015198707580566406
0.02734065055847168
0.018512725830078125
0.012942075729370117
0.03655362129211426
0.021739721298217773
0.025229930877685547
0.01557302474975586
0.016366004943847656
0.004998445510864258
0.013113021850585938
0.0190432071685791
0.02913355827331543
0.02100658416748047
0.015177249908447266
0.0077762603759765625
0.006346225738525391
0.009495973587036133
0.02140665054321289
0.00863504409790039
0.02083873748779297
0.03064870834350586
0.044898271560668945
0.009971141815185547
0.01845383644104004
0.021663188934326172
0.016264915466308594
0.009047746658325195
0.03073430061340332
0.007653236389160156
0.009205818176269531
0.05123186111450195
0.042755126953125
0.004779338836669922
0.01657557487487793
0.023972034454345703
0.03330421447753906
0.0034570693969726562
0.02570319175720215
0.02841019630432129
0.01841902732849121
0.018708467483520508
0.016924142837524414
0.025089740753173828
0.024733304977416992
0.006089210510253906
0.03421926498413086
0.009192943572998047
0.031667470932006836
0.04479265213012695
0.02856922149658203
0.02526712417602539
0.022583961486816406
0.03101515769958496
0.03697538375854492
0.007525444030761719
0.027959346771240234
0.029500722885131836
0.008872509002685547
0.029345273971557617
0.032668113708496094
0.2609269618988037
0.02077484130859375
0.014320850372314453
0.025722980499267578
0.030344247817993164
0.021332502365112305
0.020859956741333008
0.010629653930664062
0.03146862983703613
0.03202676773071289
0.018100500106811523
0.016879796981811523
0.013412952423095703
0.016425609588623047
0.02673649787902832
0.02780914306640625
0.019956350326538086
0.015677452087402344
0.006268739700317383
0.02360391616821289
0.029379606246948242
0.024559974670410156
0.019530296325683594
0.02242755889892578
0.02928471565246582
0.03199052810668945
0.03679609298706055
0.011250734329223633
0.01435399055480957
0.00782632827758789
0.021759033203125
0.014617204666137695
0.0059604644775390625
0.03213238716125488
0.022981643676757812
0.008697271347045898
0.010048151016235352
0.031513214111328125
0.004962921142578125
0.017223358154296875
0.019661903381347656
0.01122736930847168
0.01824212074279785
0.02158379554748535
0.0040283203125
0.010304689407348633
0.02445220947265625
0.018212556838989258
0.030740976333618164
0.006251096725463867
0.024871349334716797
0.025439977645874023
0.013866186141967773
0.02906012535095215
0.02638864517211914
0.045478105545043945
0.02381753921508789
0.021813631057739258
0.019670963287353516
0.01171731948852539
0.021724224090576172
0.05489039421081543
0.015932083129882812
0.025353431701660156
0.0049359798431396484
0.023030757904052734
0.03381490707397461
0.042830705642700195
0.01492929458618164
0.013129472732543945
0.022485971450805664
0.022145509719848633
0.02766251564025879
0.02283620834350586
0.012898683547973633
0.0055506229400634766
0.004343271255493164
0.029389142990112305
0.005841970443725586
0.27106618881225586
0.011844158172607422
0.03773927688598633
0.01182103157043457
0.013689994812011719
0.014386653900146484
0.009262323379516602
0.012070894241333008
0.02116680145263672
0.00978398323059082
0.01860499382019043
0.020217418670654297
0.017253637313842773
0.03776955604553223
0.023922443389892578
0.018972396850585938
0.0044367313385009766
0.022337675094604492
0.02326345443725586
0.016072750091552734
0.010897397994995117
0.020176172256469727
0.039792776107788086
0.020299196243286133
0.026091337203979492
0.016329526901245117
0.020137310028076172
0.019039154052734375
0.023554325103759766
0.005352497100830078
0.03488636016845703
0.007748842239379883
0.01851177215576172
0.021533727645874023
0.017406702041625977
0.022073984146118164
0.004510402679443359
0.006017208099365234
0.025075197219848633
0.0077207088470458984
0.025667905807495117
0.012346744537353516
0.0029642581939697266
0.02129530906677246
0.024641752243041992
0.044576406478881836
0.01016998291015625
0.023077726364135742
0.015921592712402344
0.028880596160888672
0.023398160934448242
0.017474651336669922
0.006766080856323242
0.022040605545043945
0.021550893783569336
0.022164583206176758
0.024440288543701172
0.01981210708618164
0.022609710693359375
0.029854536056518555
0.015529632568359375
0.014903783798217773
0.024684667587280273
0.02739429473876953
0.023815393447875977
0.006227254867553711
0.01734471321105957
0.012827873229980469
0.018243074417114258
0.008697509765625
0.014612436294555664
0.0077381134033203125
0.01124882698059082
0.01304936408996582
0.03355813026428223
0.014376640319824219
0.021657705307006836
0.012456178665161133
0.01977849006652832
0.028462648391723633
0.01644420623779297
0.022889137268066406
0.010635137557983398
0.0007989406585693359
0.01254892349243164
0.017515897750854492
0.03481149673461914
0.02058696746826172
0.017104387283325195
0.016512155532836914
0.01524043083190918
0.023968935012817383
0.006277561187744141
0.03142738342285156
0.27385616302490234
0.021670103073120117
0.0053212642669677734
0.02422475814819336
0.026679515838623047
0.012073993682861328
0.010358572006225586
0.02105402946472168
0.025256872177124023
0.032675981521606445
0.017040729522705078
0.01044917106628418
0.033704280853271484
0.02234196662902832
0.019580841064453125
0.012968063354492188
0.016087055206298828
0.02863788604736328
0.023681640625
0.03849673271179199
0.008454322814941406
0.026092052459716797
0.02161407470703125
0.033649444580078125
0.019695520401000977
0.014962434768676758
0.019418954849243164
0.007609844207763672
0.01128244400024414
0.010949850082397461
0.036774635314941406
0.0216064453125
0.013117074966430664
0.02725839614868164
0.015363693237304688
0.01145482063293457
0.04136991500854492
0.013700723648071289
0.01020503044128418
0.008055448532104492
0.022237062454223633
0.025455713272094727
0.024725914001464844
0.011147499084472656
0.029466867446899414
0.029250383377075195
0.0353093147277832
0.02692413330078125
0.017487287521362305
0.01302647590637207
0.00943756103515625
0.011552572250366211
0.035489559173583984
0.01762080192565918
0.016306638717651367
0.025350093841552734
0.0261228084564209
0.01469874382019043
0.007982492446899414
0.01707935333251953
0.015508890151977539
0.0237579345703125
0.01403951644897461
0.02179241180419922
0.03931903839111328
0.02896714210510254
0.030211448669433594
0.009599447250366211
0.03098464012145996
0.008587360382080078
0.024792909622192383
0.012620210647583008
0.008654594421386719
0.0055086612701416016
0.025011777877807617
0.01082158088684082
0.029232025146484375
0.0013077259063720703
0.008315563201904297
0.024781227111816406
0.02603602409362793
0.015709400177001953
0.009494781494140625
0.017404556274414062
0.02271103858947754
0.026452302932739258
0.01598048210144043
0.02795124053955078
0.025357484817504883
0.014852523803710938
0.013489484786987305
0.015682697296142578
0.03677773475646973
0.27817463874816895
0.01325678825378418
0.03308677673339844
0.03266453742980957
0.02108001708984375
0.018099546432495117
0.024318218231201172
0.006821632385253906
0.01670217514038086
0.013016700744628906
0.008020877838134766
0.04034733772277832
0.01744842529296875
0.008265972137451172
0.03448963165283203
0.01850295066833496
0.0179750919342041
0.01456308364868164
0.01402425765991211
0.004717826843261719
0.006505727767944336
0.013933420181274414
0.011194467544555664
0.018002986907958984
0.025681018829345703
0.019510984420776367
0.012423276901245117
0.015985727310180664
0.012473106384277344
0.01668715476989746
0.013417482376098633
0.015496253967285156
0.013514995574951172
0.010599374771118164
0.005025625228881836
0.013524770736694336
0.010709524154663086
0.008295059204101562
0.017608642578125
0.016348600387573242
0.021779537200927734
0.01845550537109375
0.02959442138671875
0.020548582077026367
0.01154470443725586
0.01275324821472168
0.010448217391967773
0.00621342658996582
0.007110118865966797
0.027353286743164062
0.015661001205444336
0.01481938362121582
0.015987634658813477
0.008532047271728516
0.014060735702514648
0.014438629150390625
0.013010501861572266
0.019409656524658203
0.02253866195678711
0.036011695861816406
0.02559685707092285
0.016032695770263672
0.017798662185668945
0.020353078842163086
0.02411031723022461
0.0071375370025634766
0.026523351669311523
0.027990102767944336
0.013647317886352539
0.021815061569213867
0.007391929626464844
0.014967679977416992
0.011397600173950195
0.028432607650756836
0.011842727661132812
0.02799081802368164
0.01720714569091797
0.019891738891601562
0.02374267578125
0.2606470584869385
0.025597333908081055
0.005683183670043945
0.02516913414001465
0.013120412826538086
0.017075777053833008
0.02401566505432129
0.04240894317626953
0.022228717803955078
0.010245323181152344
0.008181333541870117
0.024769067764282227
0.0053942203521728516
0.028681516647338867
0.028293609619140625
0.016553163528442383
0.030117511749267578
0.028516054153442383
0.012003660202026367
0.023459196090698242
0.028670072555541992
0.028349637985229492
0.0235750675201416
0.022879362106323242
0.01930999755859375
0.02040410041809082
0.01965618133544922
0.028581857681274414
0.013375997543334961
0.028652191162109375
0.038356781005859375
0.026950836181640625
0.014032602310180664
0.004463911056518555
0.006392717361450195
0.028363466262817383
0.03457808494567871
0.007863998413085938
0.030745267868041992
0.019677400588989258
0.011496305465698242
0.03231692314147949
0.04087519645690918
0.030605554580688477
0.021567583084106445
0.03912520408630371
0.018880605697631836
0.04271125793457031
0.015169858932495117
0.018250703811645508
0.014868497848510742
0.0106964111328125
0.026391983032226562
0.020101070404052734
0.026562213897705078
0.025012493133544922
0.022962093353271484
0.025781869888305664
0.0500643253326416
0.03048563003540039
0.029779434204101562
0.024532079696655273
0.01080012321472168
0.04273080825805664
0.01807427406311035
0.0013170242309570312
0.026022911071777344
0.010764122009277344
0.013004541397094727
0.014023065567016602
0.012212038040161133
0.009831428527832031
0.03200125694274902
0.024867534637451172
0.0016071796417236328
0.01596999168395996
0.026890039443969727
0.02293539047241211
0.017431974411010742
0.013610124588012695
0.026901960372924805
0.024396896362304688
0.00859975814819336
0.028422117233276367
0.02258014678955078
0.018603801727294922
0.3480956554412842
0.019707918167114258
0.011900901794433594
0.01382756233215332
0.006913423538208008
0.007934331893920898
0.018593788146972656
0.014624595642089844
0.010987281799316406
0.008466720581054688
0.02632308006286621
0.01718902587890625
0.040097713470458984
0.008664846420288086
0.03477835655212402
0.017707109451293945
0.015250444412231445
0.019718408584594727
0.0036094188690185547
0.015386343002319336
0.009515047073364258
0.03022313117980957
0.005970954895019531
0.012740373611450195
0.017666339874267578
0.007892608642578125
0.02881479263305664
0.02003931999206543
0.015970468521118164
0.015322685241699219
0.01740121841430664
0.0018877983093261719
0.02585458755493164
0.030767202377319336
0.03203868865966797
0.020395994186401367
0.019365549087524414
0.030074119567871094
0.012382268905639648
0.011348485946655273
0.008386611938476562
0.0332949161529541
0.025845050811767578
0.01556849479675293
0.012267589569091797
0.01983785629272461
0.024216890335083008
0.03268790245056152
0.014505147933959961
0.02015829086303711
0.027329683303833008
0.031023025512695312
0.020809173583984375
0.01917409896850586
0.009523391723632812
0.018747806549072266
0.012064933776855469
0.02264261245727539
0.0214078426361084
0.033562421798706055
0.021637439727783203
0.02316141128540039
0.017942428588867188
0.017466306686401367
0.0027904510498046875
0.016524314880371094
0.010494709014892578
0.0275723934173584
0.03411388397216797
0.03351330757141113
0.011739492416381836
0.035793304443359375
0.019336223602294922
0.017981529235839844
0.0057299137115478516
0.0261228084564209
0.021831274032592773
0.020120620727539062
0.024373292922973633
0.04259181022644043
0.28841280937194824
0.032909393310546875
0.009205818176269531
0.008925676345825195
0.025941133499145508
0.024602890014648438
0.015740394592285156
0.025858640670776367
0.030454635620117188
0.012732744216918945
0.01751565933227539
0.027682065963745117
0.005163669586181641
0.03322577476501465
0.013868331909179688
0.026924848556518555
0.0216829776763916
0.019194602966308594
0.05704188346862793
0.02841639518737793
0.03115558624267578
0.024194002151489258
0.040490150451660156
0.027062416076660156
0.02922964096069336
0.02341151237487793
0.015592575073242188
