0,0,8841,382,9015,5531,568,3531,0,4709,2467,7733,7632,0,0,0,2057,8857,0,0,3205,0,4819,7400,8517,0,0,0,9764,0,0,0,8759,0,0,0,0,4576,9383,0,0,3487,1151,1932,0,0,0,0,295,0,3968,3233,0,4843,3730,0,0,0,0,0,3458,0,0,0,0,1875,1040,5539,9845,0,7140,273,6891,3149,74,4084,1806,0,0,0,6676,0,0,0,6983,856,8852,0,0,0,6445,0,0,0,0,3599,2613,0,1708,0
0,0,0,0,0,0,9459,4487,4022,867,2877,7640,5633,0,0,0,0,0,0,2203,9124,4860,7645,0,0,7105,1174,0,0,0,0,544,3147,0,0,0,5755,9458,9240,1528,713,7595,0,9562,0,4582,8966,4637,0,0,2971,447,1845,0,5638,0,2342,6849,0,9673,0,4215,0,0,0,0,0,0,1321,0,0,0,0,0,0,0,0,0,6327,738,257,7687,9013,2014,5474,0,0,3051,2415,0,7270,5449,0,0,0,0,1919,0,2438,0
3566,9589,2025,0,0,0,0,0,119,2929,0,4478,3239,0,0,0,0,0,0,0,0,0,0,1901,6889,0,6578,8700,0,0,4818,2761,2505,1417,5608,0,0,0,5197,4384,6507,5174,2936,1565,8577,5237,0,0,4695,5030,0,0,566,9675,1473,1968,9487,0,0,5920,0,0,0,2318,0,2776,0,0,0,5774,4244,3844,0,0,0,9266,450,0,0,0,4258,3080,0,3540,2368,5283,0,0,0,0,0,501,3813,0,0,5980,0,0,0,0
7476,0,7581,0,6303,0,9311,0,0,0,9565,0,8677,0,8339,0,1046,0,0,280,0,5243,6208,6895,7172,0,0,1698,0,4222,7562,6779,3286,1905,0,0,0,0,6885,0,0,0,7145,728,4048,0,9138,0,0,0,3032,0,1642,0,0,0,5194,6132,0,4098,0,4676,5420,9313,100,0,5253,0,0,0,6607,0,2908,3929,7663,7709,1243,0,5498,0,4486,0,8786,0,4353,0,0,0,0,118,1091,0,0,3579,0,0,0,8232,9797,8981
582,7672,8992,0,0,0,0,109,6720,0,0,3240,4730,0,2504,0,0,4417,0,2009,9614,0,0,3593,6777,0,0,0,0,0,4846,0,3700,0,3800,2543,0,2689,0,0,0,0,9775,7264,0,9550,0,0,5855,5032,0,0,0,2490,8935,6475,0,0,0,2216,2852,325,8194,7538,0,0,6590,0,0,0,8570,8783,7582,0,0,5481,0,8967,0,0,5284,0,0,941,9866,157,0,4447,0,0,5061,0,0,0,0,0,0,2902,0,0
2761,6276,0,9733,0,9774,0,7091,8933,4115,6169,1933,1101,722,4468,0,4389,8570,0,5855,0,0,1001,0,277,7307,9148,0,0,0,2974,0,0,7124,8059,0,0,4157,0,4501,0,397,0,4512,2778,9922,0,0,0,2748,0,0,0,0,0,6908,0,180,0,8388,6501,0,0,0,5944,0,0,4036,0,0,0,5411,7839,2960,5114,4663,0,0,0,3603,0,3357,964,4599,3019,0,0,0,0,9040,0,0,5317,0,0,0,0,2516,4858,0
1625,4653,2714,2168,0,0,0,5180,0,0,0,0,0,2550,2986,0,3243,3102,9249,7837,4483,5698,4148,7052,0,0,0,0,0,0,0,0,9560,0,4546,2243,0,0,0,4379,0,0,0,0,0,1872,0,0,0,8754,4710,0,8225,1660,9363,0,263,0,84,4472,4523,0,3795,730,2714,0,0,0,8054,0,0,0,3148,0,9308,8027,9588,9973,0,9614,0,8948,3047,6751,154,0,0,6596,0,0,0,6571,0,0,0,9234,0,4501,0,5361
0,0,0,0,6431,4907,8403,0,0,0,4502,5691,4327,0,0,0,8928,0,362,0,593,0,0,1660,5489,0,0,9663,0,8874,0,0,0,0,5899,2658,0,6934,541,0,6751,1441,0,0,687,0,0,875,0,0,9437,0,0,0,6142,0,0,0,0,8213,6738,981,0,0,0,134,1605,5058,526,0,0,0,9053,0,2239,0,0,0,4227,5135,7190,2469,2972,9513,0,4521,2013,0,6959,0,0,0,0,3691,0,1281,6613,8277,5816,3752
0,2167,3487,6154,7456,8759,8422,0,0,1174,0,0,0,9165,0,0,0,0,0,0,7472,5232,32,0,0,1000,0,4991,0,0,2942,8571,0,0,1372,5759,7594,0,0,0,0,0,1756,0,0,7055,9756,0,7129,0,6797,3379,6697,1765,0,7769,0,3816,1457,0,0,7160,0,0,8167,3040,0,0,122,7995,4106,7467,866,6328,2469,0,0,0,1367,0,3092,0,0,0,5193,4890,0,6769,6,0,0,0,0,0,0,9529,3294,0,0,2157
1558,0,0,6601,1275,8953,0,0,7500,9508,9083,5683,8047,2422,0,3065,4052,3091,8475,8343,0,0,0,8648,4246,5535,0,385,6113,4928,0,5889,8677,8816,6848,0,0,0,0,0,0,7026,6943,0,0,1288,8252,0,8932,304,0,1345,4645,6852,0,5315,5091,7719,8259,7477,1979,0,0,0,5746,0,1469,0,6127,0,7622,9404,0,8756,0,0,8988,7510,5971,3719,0,0,0,5939,0,0,88,8061,4745,0,0,3130,0,6148,0,0,713,4932,0,0
0,0,927,4122,0,0,0,3377,9553,0,0,4406,0,5217,1690,1481,0,4286,8605,0,0,7443,0,0,0,8024,9172,1488,0,9487,2683,5329,0,0,6704,0,0,0,1890,0,0,0,0,9161,0,0,0,4939,991,4932,7955,123,8418,0,2163,0,0,0,0,0,0,8056,938,3557,3374,0,0,0,0,9334,0,0,1738,8789,0,8784,137,7621,1840,6821,450,0,0,2697,1840,2807,0,0,0,0,1990,0,0,5925,0,388,0,0,2113,9507
829,0,0,2799,0,5431,720,0,0,1098,6307,7894,6178,0,0,0,0,8849,1081,3795,6715,0,0,9614,4987,0,0,1186,0,4728,0,8668,16,9433,8309,0,0,9188,0,0,5838,0,4664,8731,0,6520,0,0,0,0,4912,2507,8112,4167,0,4305,3694,0,7291,4088,3476,2809,0,1896,4745,522,2613,763,0,0,0,8915,2491,0,8240,8106,5059,2037,0,0,0,0,0,0,4808,3557,4094,0,0,0,6134,7500,6428,3339,0,4221,0,1119,1590,1473
1485,0,4512,4811,0,0,2230,0,0,0,1592,0,661,0,3114,5703,0,0,2821,9310,0,0,5073,0,0,0,0,4946,5626,0,0,9033,9602,7170,0,6474,1681,0,0,5656,7603,8911,0,0,0,0,0,0,0,1683,1416,691,9853,0,8061,6115,5379,0,0,9054,0,0,3151,0,9892,1705,9244,0,9189,7043,3749,157,9204,0,4047,0,0,2964,5906,2252,4679,0,5050,0,1041,4338,0,0,6552,2240,808,5642,2725,9580,0,0,0,0,9104,2965
7257,892,0,0,3375,0,1126,0,0,0,5711,0,6417,8645,7387,0,3346,27,0,1912,0,0,1555,2760,0,0,0,0,0,0,0,1203,0,4017,1672,0,8382,3160,7975,6012,0,0,8708,0,633,3832,0,588,4050,0,0,1131,1429,6938,1899,6110,0,0,6823,3705,0,0,0,0,5287,5211,2267,7139,1466,2175,0,0,4768,9367,2508,0,5370,0,0,0,0,0,0,7596,0,0,0,0,8148,6548,9420,4009,1394,0,6658,5889,4960,0,0,0
6674,0,0,6720,0,0,0,1419,5634,0,0,0,6180,4689,0,0,8342,0,0,0,7395,0,0,0,0,5682,5961,0,0,0,0,8291,0,0,3260,0,0,0,0,0,2333,0,1110,0,0,881,0,99,4543,0,0,0,9005,2124,1008,0,7430,0,8594,1301,9405,0,3189,6856,0,0,5161,3462,0,0,8787,0,8859,0,0,0,0,0,4262,6672,7336,8016,0,751,1492,2586,5683,4135,4475,0,3790,3901,1960,0,0,332,6936,0,0,0
0,0,2407,0,0,0,0,2397,0,7379,0,0,2645,3018,0,0,0,3897,6897,6588,603,8171,2413,0,3481,0,0,2017,0,0,8908,0,0,0,0,0,0,2039,5853,0,0,9948,0,519,4890,9936,2616,1322,5041,4647,2033,0,0,0,8545,0,8306,0,0,0,7593,0,0,0,8973,0,0,0,0,3305,5402,1630,0,7535,6856,1558,7249,0,0,6365,0,0,0,0,5765,328,7496,5432,856,9031,0,7082,0,0,0,0,0,7681,821,0
0,374,5050,653,8616,1161,7990,7238,0,0,0,0,2538,2345,6415,0,4377,0,0,8404,0,4243,0,0,0,0,0,0,0,6793,0,0,3610,0,3266,0,0,0,0,0,0,0,0,9781,0,5151,0,0,6475,0,0,0,4591,9101,2339,1620,0,0,0,0,0,0,0,2780,2902,0,7071,1424,0,0,6563,0,0,2747,968,4651,4300,8166,0,5462,5642,0,0,9463,0,0,1332,6938,8803,6775,0,0,176,1208,6550,4950,0,4379,0,0
504,0,2594,9543,3047,2570,5837,2447,0,1232,1066,0,0,0,4819,2750,0,2971,0,0,0,0,0,2470,0,8204,4919,0,0,5718,428,2156,0,8644,6741,7317,0,5638,2505,2548,6997,0,0,756,3419,2903,3786,1662,0,5625,351,7020,1597,0,0,7724,4790,989,0,1758,0,0,2350,3685,0,8734,0,9360,0,8759,0,1038,0,5753,0,7939,0,9427,7902,1120,0,8472,6113,0,1762,0,9883,3980,0,0,9176,0,0,0,0,8201,4221,0,0,302
0,1723,0,0,6900,6069,0,0,1577,8270,0,0,0,5698,0,9585,0,0,1258,9195,7891,0,0,2968,0,8799,0,806,0,5629,0,0,0,8826,4323,7678,6909,5750,9920,0,0,0,3311,8609,0,0,3576,6621,1311,0,0,0,0,0,5871,4497,1133,0,4552,0,3608,0,0,0,4950,1262,0,1178,2705,0,0,0,4835,3287,0,9845,0,8614,0,4655,0,2341,0,708,0,0,2274,8857,3321,1922,0,0,1219,897,0,0,8120,7100,8776,4385
6216,1884,8039,0,0,0,0,2088,0,0,7830,9644,1702,0,0,4530,0,0,2147,2006,0,0,0,1774,0,0,6120,0,0,0,7000,0,1551,0,9118,0,0,0,0,8524,0,3530,5982,6953,0,0,2739,6741,0,0,1561,204,7909,0,2483,7965,0,0,3930,4105,0,0,7329,5638,5018,0,0,0,1459,282,0,9753,0,45,0,0,0,1729,0,0,3491,3792,9519,8242,3551,0,0,696,0,0,3212,0,2719,1002,0,3789,156,0,2030,4764
0,0,0,0,0,0,7128,5170,0,7607,0,0,0,0,1185,0,0,7727,7820,0,7319,2446,0,0,6954,0,0,0,6450,3897,0,0,6874,74,0,481,0,0,5561,0,4651,9972,2689,8387,0,7064,0,2419,5363,9382,0,3449,0,0,0,8300,9365,2615,4355,0,9098,8424,0,2162,588,0,5080,0,721,2658,8099,0,0,0,0,0,6508,0,8404,0,0,2099,0,8819,0,1339,0,6623,4920,0,2296,2848,0,0,8770,0,0,7139,0,4123
0,0,0,0,6651,0,0,0,7640,8581,8086,4732,0,0,4693,0,9517,4289,1549,0,0,0,0,1357,0,0,1092,8232,0,3590,2867,0,3857,0,0,2573,3320,7735,6772,6845,7862,3249,7499,2221,0,0,0,0,4449,1119,8003,0,7261,0,0,0,0,0,6323,0,3365,2674,0,2780,942,6140,0,0,0,3628,1446,0,282,0,8397,0,912,0,356,0,8964,0,0,0,9393,1924,408,0,2710,0,0,5048,0,4114,0,0,6646,8288,9399,0
0,8924,4102,0,2376,0,0,0,0,0,598,0,1252,0,0,0,0,0,2662,1341,0,1928,4930,1348,2987,2944,9711,0,0,587,0,209,3729,2159,730,0,0,0,7857,0,0,0,0,0,0,3414,0,0,0,0,7947,0,4749,0,0,0,0,4743,390,4546,0,0,0,6031,4863,204,8228,0,4177,4404,8720,9220,0,3684,0,0,0,0,2444,0,0,0,0,6370,0,0,7708,859,5534,6782,7768,0,9992,2092,9539,5177,0,0,7674,9690
0,0,0,3441,0,3930,6050,0,5789,9651,0,0,0,0,0,49,2615,4,0,6855,0,9646,0,0,2539,0,0,0,0,0,0,0,0,6965,0,9744,0,0,0,1661,0,2133,0,0,0,4276,8239,2261,0,6628,0,0,0,293,0,0,0,0,0,0,0,0,6873,5651,3409,0,0,0,7430,7035,0,0,0,0,3548,0,6018,0,2631,5173,7406,1663,0,0,0,0,4672,1169,965,0,0,2863,3969,0,3227,3083,0,0,7430,0
0,4547,5121,0,724,8843,0,9546,8990,4383,1709,0,6969,0,6277,0,761,0,3941,9028,3216,643,6965,0,0,7248,0,2336,8502,0,8372,0,0,5809,0,9681,0,0,330,3281,9296,0,0,1344,0,0,1135,0,7698,934,6589,1214,0,5159,8825,0,4630,605,0,5612,0,601,8545,0,6886,8898,0,6543,6797,5542,0,0,0,0,0,0,0,1261,5599,0,0,0,0,4057,6050,0,0,0,0,0,1022,0,0,6260,3730,0,0,9408,0,0
5932,0,0,3546,5404,0,7947,4908,2791,0,0,8866,8366,0,2141,0,7543,0,8208,0,6498,0,0,0,0,0,0,0,0,7064,1558,2707,8658,0,0,0,0,0,0,0,0,1896,0,8413,0,0,0,0,0,0,0,0,4440,5745,5213,0,2607,2911,7812,0,0,0,0,0,3701,6209,0,1008,6446,0,0,9053,0,0,8054,0,0,2273,0,1433,0,1268,0,0,0,0,74,0,5427,144,7080,3995,6193,7115,0,0,5945,8891,8166,0
6298,0,4171,0,7,5342,0,0,0,1963,1424,0,9439,0,7857,8347,8957,0,3317,821,6567,759,0,0,0,6362,0,0,7135,0,1897,0,0,0,0,0,4140,9196,0,0,0,6450,0,7465,9774,3795,0,9136,0,0,0,0,1941,4842,0,0,0,0,0,8319,0,0,5168,4500,0,7142,4863,0,0,0,9352,856,9593,7369,1720,7188,2185,0,0,7345,0,701,2980,0,0,1502,0,0,0,0,0,0,3204,0,5098,7914,0,2761,5859,0
0,6053,0,8471,8694,254,0,6272,9954,9725,0,7062,0,0,0,0,0,0,0,5442,4527,4883,7168,6542,0,0,1118,7074,0,3856,9445,0,0,5500,0,3104,0,3127,0,6124,3066,2146,0,0,0,0,9074,0,7112,3897,0,0,0,8897,7594,0,67,0,5896,0,0,1758,0,8880,0,0,0,0,0,0,0,0,0,9757,2363,0,0,1542,0,3136,1918,0,4733,0,0,6482,0,877,9978,0,6479,5523,3706,0,0,3349,9477,501,9844,0
0,9065,5630,0,5776,0,5075,804,7615,0,9287,7911,0,1007,0,0,0,0,0,3850,0,3572,0,4713,3018,392,8504,1064,0,1611,2028,0,172,0,0,0,408,0,0,0,0,0,5889,7042,0,0,5793,4551,0,7997,0,1303,6485,0,4930,0,0,2599,3890,0,240,0,0,648,0,7242,9525,3765,8086,6620,0,0,0,0,9137,9695,0,0,1025,450,0,4578,0,0,9952,0,597,6324,0,0,0,0,0,9796,0,939,7093,0,5995,3865
4400,0,0,1160,4289,6970,0,0,7532,0,0,5058,5317,0,0,2517,590,0,0,0,3958,0,5031,0,0,1062,0,0,0,0,3679,8021,0,4888,0,2953,0,3783,5893,8806,9183,8186,0,0,9976,1839,0,1386,9041,9456,5013,0,6499,8675,5806,0,0,1974,5552,899,7644,5909,1688,5623,0,4651,4123,6701,2526,0,4403,0,0,2711,0,0,8406,2666,0,3946,7763,5566,6800,2397,0,0,0,8294,1000,0,4573,2989,9539,0,8388,2871,4000,8802,0,0
0,0,8826,0,6149,2914,0,0,0,0,0,0,350,8033,693,0,7038,7426,0,1934,9908,8979,6997,2161,8482,0,5141,0,0,6388,0,431,0,0,7768,0,0,5716,4490,1536,0,0,5415,3731,3871,9507,9141,0,0,1385,0,7865,0,5535,0,3259,0,0,3120,0,0,0,0,0,8787,0,6768,0,0,0,0,0,0,8784,9612,5741,2889,277,1949,0,3769,0,5341,6522,0,1868,6842,0,4078,0,5669,9629,0,0,8588,3132,0,1346,8282,0
366,9131,6788,7262,6185,5265,0,0,1281,5880,0,0,0,0,0,0,0,6596,7355,8077,8184,0,0,503,0,0,4698,0,0,8907,3965,2201,0,5207,0,0,0,5534,814,5882,4542,3540,0,7292,5502,9844,0,7705,9761,9559,0,6704,0,0,0,0,3997,5656,0,0,0,0,6912,3798,5343,9064,0,2143,0,7748,0,6050,4146,0,7464,0,0,7886,0,3381,6785,3285,0,3475,9416,0,0,9716,1694,0,0,6730,0,0,0,5393,0,7437,2004,7397
5471,3698,8164,0,7789,0,275,0,3149,9938,0,0,0,0,8794,4873,3252,0,5404,8269,277,0,0,0,0,3026,5860,3209,0,0,9704,9096,3312,4560,9586,1656,0,6146,0,0,1667,0,306,890,0,0,9875,0,2262,4038,0,0,0,0,1050,8036,1876,0,0,0,6724,8727,4468,829,0,0,8982,2027,8315,0,433,6517,0,0,1339,0,0,0,0,0,8728,9812,5517,5811,9566,0,886,0,0,3813,0,0,0,6331,3231,0,0,1225,8964,6619
2088,4130,0,9403,1858,0,3606,0,7670,5424,0,0,1524,4156,0,8664,0,4819,0,7044,1325,0,2727,0,0,4601,1159,207,0,0,8703,1650,3356,3475,0,0,2723,0,0,6607,0,7455,3498,7767,8566,4179,6759,848,185,0,0,0,8839,7990,7414,8538,1182,0,0,0,0,0,6428,9636,0,6319,3061,2966,4278,0,247,0,1754,3874,880,4689,7220,0,508,9771,1955,1974,4020,7221,0,0,9539,0,7078,5432,0,7481,0,0,0,0,0,4489,0,5454
4323,0,0,631,0,0,0,0,4823,7310,2620,3225,1323,4496,0,0,377,0,753,6289,0,0,2833,0,3245,6969,0,814,2119,0,0,0,8984,1110,5606,0,984,4388,8964,4405,4325,953,0,6936,313,0,0,3489,6401,270,0,0,0,114,3684,0,4493,0,0,9534,0,8252,5192,0,0,916,1209,0,9797,4110,3315,0,3260,0,378,0,3801,6991,2766,3731,7790,0,6018,0,8318,0,0,5057,0,0,966,0,2062,0,4521,0,1961,1491,0,0
0,2517,0,5794,0,3930,0,0,2552,3829,0,0,356,1640,215,0,0,0,631,1946,0,176,0,0,0,2708,0,4788,0,0,0,3101,0,4413,9643,2714,0,6762,8401,8444,9358,8324,0,8543,881,0,7666,0,5997,0,0,8775,2734,2327,7376,6370,9977,5523,0,9124,0,0,2541,0,0,0,2350,5786,3265,0,7193,0,0,0,1884,3430,6690,3257,0,6162,0,0,0,9865,0,1318,0,0,0,0,7418,6692,4845,0,0,9713,2894,1229,6943,0
0,0,0,942,8292,4061,0,6972,0,0,0,5968,0,0,821,2534,0,875,0,5971,8208,3742,1564,0,9200,0,0,0,6085,866,594,0,0,9839,8110,0,5002,6404,0,0,0,0,8982,5301,0,6439,757,6863,0,0,6536,0,0,0,0,9007,5926,0,0,532,0,7073,0,9148,0,7858,0,460,1585,0,1567,0,0,7570,0,0,0,4119,6211,1981,0,6399,3224,0,8287,0,9028,8417,7414,8661,2853,0,218,698,0,0,4668,4042,22,8099
4550,0,8514,0,9959,0,0,1059,0,5096,5211,0,0,3109,0,5399,0,4697,9113,1450,0,0,0,9683,0,0,0,0,6641,0,4817,0,0,5809,0,8393,0,0,0,0,2997,0,0,0,9543,0,3021,3515,0,0,9079,3940,0,5165,8893,0,0,0,0,0,0,3212,2559,8178,0,0,6044,0,0,3149,0,5349,6391,0,4394,0,0,658,5257,8387,6435,2774,0,1936,0,5807,1439,0,0,0,0,4718,0,2351,9576,7525,7538,0,8636,8580
0,3520,1578,8057,0,0,0,0,0,0,560,0,0,4650,0,0,0,0,4300,5927,0,8417,0,0,3576,3928,0,0,9081,5257,0,470,0,7171,0,2493,0,3642,4207,9911,2037,3901,2547,0,0,0,0,4129,1305,0,8204,6341,1142,2278,0,0,0,0,0,0,0,1206,0,0,382,3347,4671,7452,0,8819,0,6935,1470,5491,6195,2522,8185,0,0,0,0,0,0,0,4691,8609,0,0,0,0,5367,0,8090,4658,0,0,0,2203,0,3466
1242,0,0,2039,5190,2361,0,4565,0,0,0,6895,697,0,0,0,7201,4206,5256,0,0,0,0,4721,7572,9085,5643,6271,1705,7482,4072,0,0,6244,0,9678,0,1863,0,0,5033,5934,2382,0,2566,0,5794,913,565,0,0,9564,0,0,0,0,6629,8376,5950,2400,0,0,6418,0,0,1739,0,0,0,0,0,244,4441,6281,5225,1528,3915,8090,0,0,1641,0,9243,0,0,4208,0,0,0,8485,74,0,0,0,9329,546,0,8759,0,3758
2877,5873,441,6006,3230,0,9402,0,0,0,0,0,2016,4241,5663,0,0,5117,843,8823,0,8560,0,0,5322,1405,3229,0,0,0,0,0,9187,6542,3398,9978,191,469,9377,3652,0,5533,488,8701,0,3120,0,0,9400,4316,0,0,0,7344,4295,0,0,4794,0,6343,0,6073,3845,7780,3112,2527,0,5953,0,4959,8514,0,34,4745,7420,0,0,0,2410,0,0,0,0,2378,7715,0,1420,0,2441,1876,0,4440,8095,2170,5517,9652,0,0,0,0
0,0,4388,0,2379,0,1782,2106,9850,0,0,8280,0,2984,2723,0,0,0,6410,221,0,2089,275,1675,0,0,0,5096,0,0,6007,8023,0,7835,5430,0,0,0,5893,0,0,0,0,3626,0,9810,0,1278,0,8491,0,0,0,1311,0,9841,3962,0,0,9085,0,2539,0,0,917,0,8077,0,0,3125,0,0,0,5410,0,0,1753,0,0,1298,8196,2618,0,5776,5127,0,0,0,2547,0,0,3340,0,0,949,0,912,6214,0,6617
202,0,0,0,760,0,0,1742,0,2439,7786,9962,2548,2766,1128,0,4223,7460,3751,6815,39,0,428,9775,0,6969,3339,1629,0,0,0,0,9002,0,8719,0,0,0,6174,0,4284,8540,7756,0,0,0,0,0,0,7669,4517,0,4809,3916,7867,0,1051,0,0,0,0,0,7875,3208,5565,0,0,5296,0,0,1766,8944,4763,0,2580,5229,5154,8320,0,1836,3701,4019,0,0,9935,0,0,0,0,0,4116,0,4908,8746,0,0,5307,4026,0,6614
2977,0,8576,9018,0,0,0,256,9423,4599,0,7220,4009,0,0,9026,0,2286,4306,7959,0,7732,0,0,7837,0,5703,2229,0,0,6915,3622,7126,954,2980,607,0,0,0,0,0,4158,0,3667,0,3428,0,0,0,2924,0,2026,551,7021,9622,6474,1807,0,0,0,7241,2135,0,7942,8895,0,3181,2018,0,549,0,0,1180,7934,0,7849,0,0,3104,0,0,0,3707,0,0,0,0,0,0,0,0,9136,0,6590,0,3015,78,0,0,8669
0,0,6170,910,0,5091,0,0,4139,0,0,9843,2154,0,0,9154,0,0,0,0,1474,0,0,3653,0,9326,0,0,2317,0,0,0,2074,0,7013,1047,0,0,0,6276,6984,0,8848,3052,5453,0,6921,8741,0,8327,0,3089,724,3831,9865,4208,4518,3785,6979,0,0,0,5285,0,0,1638,9976,4916,0,0,0,0,0,0,0,7700,0,0,0,8934,0,0,3589,7622,4175,0,8181,0,0,0,0,0,0,0,0,7517,0,0,0,7324
0,0,3439,0,3510,0,6936,3267,0,0,0,64,0,2125,6078,0,6215,5454,0,0,9209,1459,0,0,0,0,0,2450,0,3525,0,3592,8600,0,1557,2184,4058,0,6999,5300,7994,0,8267,1811,8603,9237,0,0,7207,0,5188,6974,6246,0,0,1293,0,0,6080,8371,0,2967,8593,0,4738,7944,0,9343,8942,0,3862,7952,0,4558,9041,5771,5554,0,0,0,0,3920,0,4042,6690,0,0,4331,8913,718,0,0,9189,0,4433,0,3909,0,0,8259
2562,0,0,0,0,3330,5029,0,5297,4102,4545,5046,0,7088,9301,6164,0,0,8900,0,0,0,629,9406,0,0,0,0,5404,0,5316,0,0,0,0,4929,0,0,7441,0,9933,5672,5799,3603,0,8510,0,0,0,1095,391,5437,0,2507,0,0,0,0,0,4254,0,4152,0,6653,8190,0,6875,0,0,0,0,6384,0,0,8954,9871,0,7084,9348,0,7715,0,8453,775,1524,0,0,5267,8225,2795,4944,0,0,0,0,0,2342,591,922,5671
0,7373,1519,2204,0,0,0,0,0,5925,0,1247,3301,3663,0,0,0,4894,0,4470,1364,0,0,8692,8437,0,9557,0,6008,0,6951,0,0,6924,4843,0,0,2489,7696,0,5131,0,7237,0,0,0,0,0,5892,0,0,7646,0,4351,4588,7985,0,0,0,3855,465,3551,0,0,9409,0,0,0,0,4275,0,4109,9158,0,3005,0,7669,0,9516,0,8850,0,0,0,6871,1996,0,0,2679,1760,0,692,4669,0,0,6171,0,3700,0,0
0,7172,0,8796,3075,2608,2777,0,0,2730,0,0,4227,0,4690,6098,3579,9608,0,5424,3013,1141,6073,0,0,4938,0,0,5395,8136,0,8995,0,3016,0,0,0,0,3951,5858,0,0,0,1600,0,0,2454,1495,1604,7976,6761,7890,4717,917,0,0,1758,0,6383,0,0,5763,5099,3250,0,2551,6283,0,3867,2976,787,515,0,1525,0,3957,0,6892,0,0,61,0,4615,6101,7485,1184,0,0,0,2369,6430,0,0,0,0,389,1858,0,0,0
0,0,0,0,0,620,0,0,9362,0,7136,135,0,507,0,0,8591,7405,5263,0,1204,4770,9342,9961,0,9032,2056,3141,0,0,1363,2510,9384,5728,6298,0,6221,0,0,3986,3413,3593,0,0,0,0,0,0,1630,6657,8043,9289,0,563,1931,0,0,0,0,0,9658,8740,5159,0,0,0,4835,0,0,0,0,0,0,6335,4629,0,9592,0,0,5764,3646,0,0,2471,0,3957,8024,108,0,0,7382,0,0,8719,0,2853,563,0,6673,0
8712,4308,7185,0,0,0,3080,8658,0,2264,0,0,848,0,5323,8406,9337,0,0,9550,8914,0,2013,0,0,0,2709,8144,8011,0,0,3120,3927,5687,7510,0,6308,0,7688,0,0,6902,3805,0,4372,6594,9764,0,6249,0,0,4108,0,0,0,0,0,0,0,0,0,0,9622,5574,0,0,3663,1752,5640,7278,9471,171,7333,2262,0,7300,0,0,0,0,0,5241,0,0,0,0,8304,0,4331,0,0,9323,9008,9151,3819,0,2632,3673,0,9594
7225,9756,0,0,0,0,9515,8363,8473,6945,2092,6843,7666,0,9337,6175,8951,4772,4222,5130,0,0,0,0,0,0,0,0,0,8329,0,0,7750,2333,0,4179,699,0,0,0,954,7514,1334,0,0,3285,4834,3112,4970,9971,3178,1469,8809,1343,6298,0,0,0,5612,0,0,7826,0,0,0,0,3580,0,0,0,5122,419,76,0,7482,1245,0,0,0,8416,0,0,8900,6658,0,1160,3579,0,6179,3178,0,6975,736,0,0,4511,0,0,0,3667
6887,0,102,9571,0,8001,419,0,4833,0,0,0,2875,7688,0,0,5210,4116,5165,8760,0,0,0,723,2401,5162,0,5205,7621,6339,0,2597,0,0,7060,0,0,0,0,8356,2544,5259,0,7833,0,0,0,0,9256,2966,0,0,9228,0,0,9118,0,2461,0,3744,9520,0,5160,9605,9960,0,8155,0,4443,0,0,1587,9674,0,0,6825,0,7799,0,8637,0,8291,842,2479,0,2135,2660,0,0,0,389,8056,0,3167,0,0,9513,786,0,0
0,4500,1035,2783,0,5702,0,9684,4090,0,261,4224,0,0,0,0,9533,0,4682,0,9365,6432,195,0,3188,0,1572,0,0,3265,7895,0,7015,7132,2242,4077,9663,0,0,0,0,0,0,0,0,8518,0,4034,0,0,3658,463,9087,9839,1919,2977,6566,0,0,0,0,0,0,0,6678,0,9062,0,8379,4709,0,31,9452,1922,0,9086,0,0,0,3370,1022,0,8015,0,6063,299,2618,2384,0,2184,0,9497,4697,9697,0,0,5909,0,0,2096
0,5701,5999,4025,1687,5361,37,9880,0,0,6280,0,0,0,0,0,0,0,0,0,1104,8065,2127,2691,0,8135,0,1158,5300,0,0,0,0,1829,0,0,0,4514,5206,8638,0,0,2581,0,872,2952,0,6227,5102,0,0,0,241,6397,6861,9591,5226,8285,0,0,1225,3761,0,0,0,5802,2400,3796,0,6123,0,0,0,4633,452,2531,5102,1495,9722,4626,2136,133,0,0,0,0,0,669,1301,1132,0,3552,6327,3808,0,0,5220,0,7845,0
0,6495,0,6077,0,0,0,208,5824,0,8517,0,550,0,0,4878,0,0,8388,8376,427,0,0,0,5486,2130,3758,0,0,0,0,0,0,6337,5701,0,0,0,0,0,0,0,0,0,0,8550,0,0,0,0,0,7283,0,7914,0,5982,0,419,9741,3635,1563,0,0,7816,0,817,0,0,1720,0,8777,0,7931,7809,0,0,8134,7987,0,0,0,4989,0,359,9356,7368,4098,3205,8407,1495,0,0,1858,0,0,0,0,0,0,6992
7521,0,4811,5194,8875,0,5284,9667,3551,0,0,7750,0,2893,6448,0,2844,3401,4661,3945,9305,0,0,9914,9283,0,3412,8443,3471,7572,8393,6289,0,8781,0,5358,0,1130,5502,0,0,658,6738,328,0,1922,0,0,3471,6056,0,0,7779,1098,0,0,0,4516,0,0,9665,0,0,5616,0,9750,2369,0,0,5935,0,4234,0,4814,843,0,4099,8358,305,0,0,0,7989,0,2607,0,3365,3804,0,8034,0,0,2905,9420,51,5448,9225,7104,0,0
9515,0,0,7593,741,0,4079,0,0,0,6961,9882,0,0,0,0,0,0,0,3115,3099,4975,6551,0,0,0,0,0,0,3964,2832,0,0,2978,0,0,8725,8977,0,0,0,7133,7093,0,912,4792,0,3644,9842,9457,0,0,0,9170,3713,2321,4613,154,0,4468,0,0,8992,1704,9753,0,6705,7117,4002,0,0,0,8477,5350,0,0,0,0,8876,0,0,0,0,5168,0,0,9799,5717,3730,4717,0,0,0,5028,1068,0,3275,0,0,0
1608,2371,1143,0,0,0,1328,4412,0,0,0,4172,0,2818,533,0,2720,0,5651,6723,0,9470,4876,6075,0,5781,0,3899,0,6859,0,2561,7039,0,0,7377,6601,3406,0,1371,7245,5135,4513,3200,5597,0,0,0,0,0,4818,0,0,2735,0,3528,3088,0,5320,3830,7660,905,0,0,1147,7878,871,4632,6803,0,0,8977,0,0,0,0,0,3010,0,0,4365,0,8785,1279,7895,0,3495,8972,3033,2484,0,3588,0,3636,3902,3150,0,4015,4428,0
0,0,4908,5205,0,3446,1351,1684,0,4027,5698,5724,0,0,0,3597,8074,461,5371,99,0,8388,0,0,0,4191,1748,0,7230,0,0,2018,0,6415,170,0,6738,0,0,0,5956,0,0,6358,0,0,0,2342,0,3439,0,3186,8607,8097,9984,5267,0,0,4184,0,5478,1302,0,6467,1821,8109,5469,0,0,0,0,0,0,8892,0,4052,2633,9922,4100,0,0,7657,3288,1528,0,0,5482,2054,0,8287,0,0,0,2648,1212,0,5581,0,2043,686
5489,0,0,553,0,9792,0,0,0,5275,0,0,0,6729,0,0,0,2527,4187,7143,3592,3882,4459,787,5150,6705,2249,1204,4636,8967,1219,9331,612,0,0,0,2210,0,0,0,0,1667,0,0,9212,0,7069,7482,0,2516,0,0,166,0,8952,256,4381,3335,0,4659,0,8158,99,0,5163,0,3045,617,4334,0,0,3855,0,8790,0,2876,5818,0,5204,0,4141,8942,0,5498,8087,3335,2819,7664,0,0,0,6939,0,0,4746,9376,0,9872,0,3248
0,1656,0,5230,0,0,1982,0,7150,0,5389,953,8510,0,0,2572,0,0,0,8455,0,0,0,2074,2010,0,635,6529,3880,328,0,0,7389,8398,0,0,4991,8698,9046,2046,0,0,8145,1635,6520,9902,0,3663,0,6960,0,2712,8915,386,0,0,0,0,646,6746,0,0,0,9691,0,0,0,0,0,0,0,8162,0,9716,9897,2121,0,0,0,2104,5856,0,0,9875,0,9397,0,9095,5809,9381,0,0,249,7680,3100,0,0,0,4509,0
9850,0,3649,0,7557,7720,0,0,7904,0,0,0,0,0,6872,2601,1430,4154,6856,0,3092,6160,0,2447,0,0,0,0,0,4543,3118,5445,0,6665,0,7690,4265,271,5247,0,1232,9022,0,1769,1159,0,0,6394,0,0,23,0,0,0,2683,0,2722,0,6167,8707,3076,0,1960,0,6137,6498,9041,1265,3558,6352,189,9290,0,0,0,0,217,0,1401,0,0,763,7050,9388,0,9032,0,2833,0,5585,0,7523,3886,0,0,6205,0,7512,8314,5202
5164,0,0,0,0,0,0,7362,0,0,0,0,0,8454,3456,900,2093,0,0,0,0,0,8241,0,0,6784,3033,788,7056,0,0,3936,0,0,5534,3650,0,0,9715,0,5823,8451,0,0,7123,9079,7660,0,0,0,0,0,0,0,7759,9687,0,6450,0,0,0,0,0,0,0,0,0,0,0,0,0,0,0,0,3538,2200,0,8909,0,7869,0,4132,0,0,8894,0,689,0,0,4879,3039,666,0,637,4696,2352,0,0,9047,1416
7570,8170,0,5338,0,2568,0,0,0,0,0,1919,0,6144,5172,0,0,7746,2811,217,0,0,7363,0,5254,4769,3220,5114,0,0,0,9727,851,4452,0,8240,0,8746,0,0,174,0,0,0,6178,4069,4025,1441,4234,0,0,0,522,0,1623,0,0,3694,7769,361,1720,0,7061,0,1946,0,0,0,9846,0,3511,3869,0,0,0,0,7575,0,0,0,7742,0,0,3981,0,5709,0,0,0,0,0,7908,4687,8736,0,0,9454,8082,0,0
7340,0,831,6582,2835,2281,0,0,0,4228,3768,0,75,3637,0,0,0,2888,9334,0,0,3158,0,6341,7656,0,0,0,0,0,6657,0,0,0,7883,6023,5581,194,3018,0,853,3201,0,5906,9941,0,0,0,0,0,0,0,0,2105,0,1262,0,0,3701,8902,0,0,0,8435,5948,0,3268,6318,0,8704,0,0,6946,7876,8755,0,0,9512,4022,0,8316,0,0,8393,7736,0,0,8917,0,3195,6224,0,0,0,0,0,9107,9640,0,0
0,5840,0,0,0,0,0,1575,9519,0,0,0,0,0,0,0,9965,8968,644,6822,672,8134,7960,2839,4388,0,4893,0,6210,5624,0,0,4103,0,5489,0,0,0,0,9765,0,3668,6501,8703,5038,4672,9651,7733,0,0,0,0,1362,534,143,2952,0,6808,0,0,0,7239,0,6389,0,0,0,3889,0,0,0,0,0,4720,1080,27,1580,0,9767,0,6713,0,0,2780,1529,5916,661,1837,0,2352,56,2302,0,0,0,0,0,0,0,3739
0,9735,0,9558,0,9707,4469,0,6573,3968,0,0,9145,8208,186,0,7033,4079,2974,1789,4989,0,3180,0,2954,6252,8258,5793,819,0,6718,0,0,0,7819,8254,0,0,0,0,0,2397,0,9983,0,6866,0,0,6481,3280,0,0,6422,1099,0,6112,0,5232,0,7432,4589,0,6005,6365,0,4577,0,4997,1758,0,3862,0,0,5096,0,0,0,0,9864,0,0,0,6942,5339,0,6824,4632,8189,0,0,0,0,0,7396,0,0,1313,8915,5433,0
6696,0,0,1926,0,1917,0,0,0,0,0,0,0,6883,0,0,0,3276,11,8323,9555,8436,0,778,5649,3235,0,0,0,612,0,0,0,3955,1876,0,0,9220,6982,3588,0,8271,0,5388,0,0,0,6130,0,6621,2263,0,0,5747,3312,0,0,0,955,0,4615,0,0,0,167,0,0,0,0,0,7399,0,0,0,0,0,22,0,0,3681,0,0,0,2478,902,0,0,0,5260,0,0,0,0,271,2366,0,9312,8468,3129,0
0,0,0,8893,7163,9910,0,920,0,0,7042,0,0,0,7385,0,0,0,0,8691,116,1784,4458,0,5890,0,0,1470,8410,0,0,0,0,2501,2452,2340,0,0,8625,0,0,8017,0,988,7818,3019,0,0,0,1153,0,0,0,7274,2991,662,0,3836,8555,8329,0,0,0,5225,6386,0,0,0,2098,5832,5189,6464,0,5910,2439,8666,3257,9068,0,0,0,0,0,4761,0,0,3663,0,0,6567,7349,0,2875,0,5831,0,0,4499,0,2849
1675,0,0,0,2479,3129,6534,0,9180,0,0,0,0,7890,3136,9330,1344,0,0,0,0,3714,6279,4158,0,0,4869,0,0,0,1947,835,0,7209,7378,2249,9891,9235,6689,0,6214,4583,58,8488,6881,0,0,0,0,0,0,0,0,0,3635,0,3737,0,7103,0,4272,426,0,0,6449,7784,8135,6209,1653,4271,0,0,919,6721,9107,4955,0,8854,0,0,0,0,0,0,3992,0,0,0,0,0,872,3173,8706,9290,7070,2932,0,0,8855,0
0,0,4138,0,9277,0,0,0,1766,0,7140,5247,4669,0,0,0,1695,0,0,0,5143,2098,0,7212,4854,530,0,3821,1930,0,0,0,3191,0,0,0,0,4856,0,0,0,5772,0,0,5632,0,7293,3859,4540,0,3926,4325,0,2311,1196,0,0,0,0,4178,9969,1731,0,0,3614,0,0,8344,0,7367,0,0,9944,9049,2593,0,0,0,6343,12,0,0,0,0,5024,2818,9757,570,1518,0,5394,3395,0,3927,4659,0,0,0,1822,3291
0,0,7866,0,0,2108,0,0,9681,0,0,4022,0,260,0,0,0,5569,5527,0,0,0,0,0,0,0,1929,1968,9991,0,0,0,0,2595,4981,0,7842,0,0,0,0,8888,0,3925,0,1002,5404,2841,0,8181,0,0,0,7871,8161,2454,8113,8273,7553,0,0,0,5605,6486,461,0,0,0,0,5823,0,0,628,0,0,0,8354,0,0,0,8125,0,0,2418,6065,0,4813,0,6006,870,5997,8506,1687,8511,6524,0,0,6680,3285,2132
0,0,7453,0,7851,5146,0,7774,3188,0,6438,5467,3992,0,0,0,0,0,8164,9138,2888,0,5791,0,0,0,0,0,7885,0,8342,0,4213,6118,7230,0,0,3991,2323,1013,691,7637,1507,8397,1218,479,1005,0,1773,0,0,7199,0,0,0,0,0,6597,482,1398,3744,6787,9478,0,0,3785,0,0,0,1733,0,5033,1777,0,0,0,0,0,0,0,0,0,0,0,9556,0,0,0,0,0,0,0,6294,1521,895,0,4491,0,379,8604
2875,7026,189,9647,8487,4099,0,8442,3243,0,1926,5356,0,3423,8012,4885,0,9348,6934,0,0,3719,9331,3979,0,4257,9215,0,6705,0,0,9715,392,4867,0,0,0,9260,7064,7055,0,1150,2828,2883,0,9869,8050,8584,3697,0,6564,0,0,8698,8491,9898,0,6395,8283,0,0,0,263,3712,0,0,3167,1776,7197,0,51,0,3559,8251,0,9077,0,0,2208,2385,7183,4516,2955,0,1432,0,0,3834,8717,0,5557,0,0,4979,0,0,7313,0,4927,2049
0,2597,0,0,0,0,0,8746,9178,2790,0,2186,4624,5964,5280,0,7607,0,0,0,0,8639,5545,3466,8307,4975,0,2350,0,6673,4915,9967,0,7268,0,1444,0,3345,35,0,3055,7803,0,0,0,0,9009,203,0,8253,1284,0,681,7999,0,0,7607,0,2264,7700,8390,0,0,7491,7731,0,966,8695,5511,9472,0,3258,0,0,0,0,0,0,0,4342,0,0,8165,0,0,5014,662,3379,0,1373,8490,9558,2811,7150,0,1405,0,0,0,0
1390,4724,0,3716,2787,0,8402,7125,778,0,0,2973,0,2667,0,0,9241,2719,1009,0,6324,3110,0,0,5796,7301,1626,0,0,0,0,0,826,0,9553,8657,0,4970,8649,8033,0,5664,0,0,0,4398,5946,2092,0,8353,0,0,9185,0,389,0,0,0,3013,0,0,0,1501,0,5130,0,4859,9521,0,0,7734,1153,8900,0,0,7958,0,0,9315,9005,2499,9678,8740,3204,6758,3885,8451,6181,0,0,7318,9110,9601,5132,8346,0,1710,0,3827,0
0,2012,3831,5084,1872,3797,0,6858,6933,4376,4515,6701,0,0,211,5542,0,0,0,6055,128,5900,6318,0,0,0,0,0,0,0,9255,1768,0,0,0,0,8432,1147,1808,5726,7719,6041,7380,9974,0,0,8167,3256,8582,0,0,0,2554,3827,0,0,3202,0,0,3707,0,9812,3344,5499,2404,0,0,4923,170,6113,0,514,0,5074,0,5276,755,0,1430,0,0,8351,0,0,6417,4174,0,0,0,0,4198,0,6355,0,4698,0,0,1221,585,2692
0,0,0,918,4316,6949,6454,0,9599,0,0,0,6628,8368,0,0,0,2012,0,2841,0,8935,0,9694,9481,0,0,7472,1164,5063,2640,0,0,0,0,0,0,4650,2403,3978,333,8073,0,0,7540,0,0,0,0,1660,6241,9016,0,0,4292,0,7175,0,0,3829,0,3895,0,1086,0,396,0,9019,0,3306,8051,0,8072,6723,0,7989,2421,0,0,0,0,8865,7291,9448,9565,0,5675,0,883,0,0,0,9743,0,0,0,0,0,0,9505
8046,0,2298,0,3746,0,7753,2486,0,4972,6151,0,5665,0,2074,1530,0,0,0,0,428,7685,0,2973,8672,0,0,0,2247,0,0,3213,0,9759,3236,0,5347,3833,0,0,0,0,0,0,0,0,0,5278,0,5131,4532,0,1466,0,7388,0,2669,0,0,0,8737,0,0,0,0,199,0,8812,0,0,5277,4808,0,0,0,0,0,2379,0,3001,0,0,5016,0,0,1969,3958,0,2068,6431,0,9023,0,8410,6365,5112,8026,567,9027,7179
9178,0,4905,0,4578,0,1296,3083,0,7542,0,0,2049,0,6321,0,0,3912,0,0,2882,0,0,0,0,0,0,7132,7297,9837,0,0,0,7374,4351,0,0,3103,960,6662,5400,4509,0,4998,0,0,5142,2870,0,5349,5564,0,4899,0,0,0,7975,1899,0,2360,0,9960,0,0,3822,0,1746,0,0,0,731,0,554,9166,0,0,9655,1387,9252,6874,102,0,0,4943,0,6931,7678,8881,9093,0,0,0,0,5230,2476,0,9693,0,0,0
0,4711,0,1721,8311,2797,0,8060,0,0,0,0,0,8399,0,0,0,0,8254,5912,8008,9702,6910,0,0,0,1335,0,0,0,2553,250,4263,2918,0,9048,4631,4771,5677,0,0,0,0,0,782,0,0,0,0,0,4973,8357,0,0,0,6734,0,1610,0,0,14,0,0,0,0,2127,0,5098,0,9449,5157,0,0,6722,6811,564,0,0,0,0,0,4231,6752,5214,4266,4815,2120,1074,9859,0,8204,0,5143,0,0,6498,0,1954,3656,4717
9095,1770,825,0,0,0,0,0,0,0,8637,0,0,9575,7405,0,5053,376,9575,5291,0,9597,0,8266,0,9092,0,0,1254,0,0,0,1493,6265,0,1624,2608,3379,8690,0,2315,9628,7795,0,376,0,748,5119,0,4821,0,5164,0,0,0,0,0,4976,0,4124,2838,0,4433,7233,0,0,0,0,2329,0,0,620,8199,3837,2321,1396,0,0,8103,0,0,0,353,9590,678,0,0,0,0,0,9478,0,8225,0,0,8574,886,4870,3658,0
0,0,6317,0,7670,5884,298,7425,3502,5005,8235,0,0,4394,0,445,0,0,6569,2666,1151,8207,3969,4012,7945,0,9254,8753,0,6047,3916,0,7264,0,8627,0,0,3374,0,900,0,603,0,432,0,8948,5982,7809,0,0,8648,7523,389,3231,0,5398,4018,0,9577,0,0,8940,448,2151,1129,3565,1215,0,820,416,9554,9957,819,1357,0,43,0,325,0,0,0,0,456,4106,6791,0,3986,2407,1173,0,0,0,0,8170,9571,9264,2939,0,0,0
7517,82,0,6636,4308,9916,6491,1218,0,0,0,0,8083,0,2560,0,0,0,5936,3118,0,3353,7874,0,0,0,8248,9225,6142,0,0,0,5010,0,3547,4277,0,0,3516,0,0,0,0,3432,0,6865,0,9223,0,2922,8944,0,2108,0,5657,2036,0,8038,1176,0,9846,0,0,4152,0,0,0,0,7034,5858,9606,0,0,0,0,4532,721,2973,9739,4258,4494,0,0,0,0,2429,0,0,0,5262,0,0,0,1349,0,2473,146,9273,9214,9128
5806,0,4717,8368,0,0,0,0,3094,0,0,5198,1412,0,6676,7131,667,6050,0,4741,0,8419,0,6708,0,0,0,0,9176,0,0,0,8795,0,0,0,3493,0,0,0,0,0,9006,2008,2513,9771,9693,307,4328,0,3154,0,8830,6700,0,4797,0,6593,8949,0,0,7112,0,0,0,0,0,0,7466,0,8005,0,7158,3038,5386,6805,0,0,1967,0,4630,4540,8503,0,4878,0,5356,0,6262,6604,4994,4072,0,7743,0,3992,0,531,72,0
4339,2681,9353,2031,0,1630,2274,5224,2511,0,832,0,0,6047,0,5009,0,458,9893,0,0,0,726,7881,4430,9652,3677,0,2565,0,0,0,9770,8795,0,0,0,7030,6441,1020,0,0,0,0,0,0,0,0,0,0,8315,0,1200,0,4213,0,0,0,0,0,0,0,0,1209,0,0,166,5111,0,0,0,0,0,1258,0,5176,0,7973,0,0,0,2806,7159,8886,0,0,0,9302,7151,0,0,0,0,2472,0,8953,7658,4491,0,9074
5180,0,9678,7229,6285,2337,7197,2171,7921,0,6419,0,2830,4567,0,0,5678,6772,0,0,5282,650,8694,5690,0,0,0,0,9932,0,0,8390,0,0,3733,5069,0,9460,0,702,0,9768,5856,2191,1993,0,4370,0,7735,0,3242,0,6038,0,3874,0,6454,2416,7363,9372,0,3603,4053,0,0,4657,0,948,8539,0,0,5781,3443,7407,7576,9545,0,3431,1027,0,1797,0,4163,4910,0,0,0,7078,1556,0,0,0,0,0,0,8068,1310,1919,7579,0
6159,0,0,6715,3289,2916,0,7269,0,0,0,0,4738,753,0,5829,5152,7670,8965,4660,2926,0,0,0,0,0,1317,3500,0,7458,0,3883,0,0,0,9842,0,0,0,5218,0,0,1149,0,3709,3151,0,5301,0,0,9101,3897,3838,0,4125,8419,0,0,0,6179,0,5076,9852,5528,0,0,4848,0,9961,0,0,0,7826,1174,0,2174,9570,0,8062,8085,4386,0,5132,0,0,0,8978,0,1252,8624,9204,9227,0,0,0,0,8779,737,0,3751
6610,8815,0,4607,2022,0,0,0,0,2573,0,6515,0,6245,0,1640,1444,0,1189,129,68,1833,5757,3637,1095,4572,0,0,0,0,3030,0,0,0,2587,4936,9408,0,177,9616,6821,0,0,6171,0,0,2434,1942,0,8317,9791,0,5172,0,0,0,2221,0,0,0,0,0,0,1789,0,9714,0,0,5225,8926,7779,9886,8478,3455,4134,2402,0,8223,0,0,0,3834,0,8451,6822,6797,2476,916,0,9215,0,0,0,9594,0,0,9677,1456,8611,7670
1971,0,4462,8280,0,0,0,0,0,7117,0,1092,5655,6711,5410,0,9446,0,0,0,0,2153,0,0,6698,6159,0,0,0,7329,0,4175,6689,522,0,4030,7971,5497,1632,7947,0,9513,6775,8562,2309,9885,0,0,0,5337,1463,0,0,0,0,0,4837,1888,0,0,1214,2875,2282,3713,0,0,9799,0,5780,4645,0,8273,2386,1844,3541,0,6037,7447,0,0,1240,0,9998,5365,0,0,443,0,0,3513,7172,0,6041,6034,0,7419,5902,0,4803,0
832,0,0,9413,0,0,409,2709,0,0,0,0,0,0,4863,8873,0,0,0,3998,5231,484,0,8248,6185,0,3279,0,7911,0,2109,5764,4547,9422,8398,8394,9976,8064,0,0,2951,3894,0,0,0,0,0,9193,5216,9612,0,7203,9774,2101,3480,0,0,4501,0,9216,0,7579,3534,0,0,4714,6427,241,0,0,0,0,0,773,0,3362,9772,0,2483,0,7661,0,0,0,6497,0,0,0,0,2007,8424,0,0,0,8998,6814,0,7398,0,1849
0,4586,2175,0,4991,0,0,1381,5822,3819,571,0,0,8470,2064,0,0,0,4381,0,6492,339,0,4520,5303,8457,5255,0,1581,0,0,0,0,0,4793,0,9852,5533,0,4287,0,7223,0,625,0,0,0,5987,7933,0,0,5504,3780,0,3700,1133,2805,757,0,0,0,4898,5272,1744,0,0,7466,9324,0,0,489,7852,7157,1640,0,3218,0,0,6795,893,0,0,0,93,0,0,0,0,3237,0,2162,0,1818,0,5652,0,0,676,0,7911
9440,0,0,0,0,7120,69,0,8043,0,5306,8436,0,7359,0,4550,0,0,0,9978,0,0,8118,5113,0,4148,0,0,7964,5565,9511,7473,0,0,0,0,2630,7241,0,8947,3376,0,9622,0,3619,0,7705,0,7709,0,0,360,0,0,1342,503,0,0,5688,3981,7405,9123,0,1883,0,0,4093,0,9170,0,8457,0,7702,0,0,0,7868,3455,0,7379,7278,0,0,0,6436,8409,9204,0,3601,0,2302,0,0,3751,0,6675,9926,0,7104,468
0,6689,8653,9185,864,0,7296,0,0,0,0,323,0,0,7379,0,0,147,2399,0,4875,2493,6371,4605,6797,0,0,7647,9325,0,0,0,0,0,9291,0,0,0,8189,7338,0,0,4870,0,3300,0,0,9002,7302,0,7278,9999,9090,5211,2163,3666,9764,0,0,843,2607,1491,5860,0,0,8756,7623,0,5043,0,0,0,0,6846,7451,0,9952,9859,237,318,9878,0,1490,2979,0,0,0,0,0,0,0,0,263,0,0,3691,0,0,0,0
863,4019,6422,4577,2035,6654,6064,3133,0,0,0,9469,9009,8110,5615,1312,0,0,0,5717,9267,113,0,8501,0,5120,0,4345,1399,7787,7854,4144,0,0,0,0,5959,0,0,2044,0,7598,0,8704,5397,0,0,0,9154,0,0,0,0,8237,8331,0,0,0,7219,0,0,1494,0,5589,0,6642,2163,6933,6350,5608,0,0,6367,0,8860,0,1771,7541,6368,8170,9883,6064,8327,7403,0,6378,998,6842,1760,0,1227,3330,1437,0,0,0,0,0,0,2218
0,0,3344,0,0,6490,9104,0,0,265,7469,0,0,0,0,0,0,0,9693,7426,0,0,1053,0,0,0,0,0,0,5716,5533,0,5414,0,0,8174,0,2950,0,0,0,3016,0,0,2012,41,0,7507,0,0,9820,0,0,6179,2256,0,0,9744,2275,0,0,7721,7491,5443,0,2102,8818,7790,0,0,2573,0,0,3771,4390,0,0,0,7412,0,2413,0,0,5341,0,6079,7973,0,216,749,3625,9048,0,0,0,0,0,5091,8606,4715
0,1697,0,3588,0,0,0,847,0,3063,9658,4421,6387,0,0,8437,0,3236,3113,0,8809,0,0,0,0,3365,7502,1998,6582,0,767,1790,9304,0,8883,1318,7747,0,4870,4850,7626,9908,9437,0,0,0,3714,0,0,0,6243,1263,1784,4034,0,0,413,3512,392,3760,7341,0,0,228,3384,0,781,6187,0,0,0,5782,0,5110,0,0,9668,0,790,8942,0,0,4540,0,4223,0,7476,0,9177,8731,0,0,0,0,0,1092,0,0,0,1949
2416,9893,0,5706,0,4595,4225,9507,5831,3075,9019,1308,0,8376,67,5304,2566,0,0,3984,9760,0,7890,2266,4981,3323,5009,4629,4258,8237,0,32,3531,0,4044,0,9650,0,0,7009,0,4789,0,0,3693,0,6033,0,0,0,0,1507,7856,9017,1586,6923,0,6480,2424,1094,1688,4435,0,0,4336,3160,0,0,0,0,943,6092,0,4221,7347,0,0,0,1904,0,2621,0,0,3298,9962,2432,3728,6060,4144,0,0,927,6044,4669,5585,0,0,1779,0,0
2335,6313,2241,0,0,0,0,0,9337,665,8390,6073,1630,3055,3919,0,1486,7154,1101,1123,0,826,0,1530,0,0,7059,0,4321,0,0,0,0,0,6744,0,6262,960,0,2548,9258,6865,0,0,9450,0,4321,4786,0,4226,7870,6878,0,0,7280,347,2462,0,0,0,0,0,0,8432,7714,0,5854,6899,7144,2412,0,53,0,0,0,0,0,0,0,3878,0,0,0,0,2511,0,0,0,7764,0,4676,4276,0,6227,0,0,5269,8144,0,0
