87,58,85
11,86,97,109,81,125,77,41
7,86,115,94,19,69,93,53
49,42,103,97,109,3,94
64,44,6,17
120,103,97,109,81,125,84,55,59
2,77,41,72,126,54,14,88
52,88,65,46,55
119,105,56,38,77,41,26
74,23,128,104
120,103,97,109,3,27
105,56,82,35
68,34,106,127,69
70,122,81,125,84,8,47,69
32,122,63,99,114,7
68,34,106,127,92,62
83,116,4,73,9,97,109,81
82,38,77,24,105
39,110,67,128,104,63,99,26
25,108,123,45
54,14,66,116
25,24,105,71,91,8,13
32,109,102
53,102,29,67,128,9,57
101,94,19,69,93,31
5,56,38,89
19,30
2,125,5,52
40,70,122,81,125,64,107
110,67,40,86,115
89,51,93,53,102,35
92,82,38,77,24,105,71,91
108,123,70,122,81,125,84,8,13,103
67,128,9,75,76
40,47,69,18
45,80,19,69,93,53
16,110,67,44,25,108
81,5,39,87
36,69,98,50
94,19,69,104,63,99,26
116,4,73,9,97,109,3,94
11,86,115,94,119
18,31
60,25,18
25,96,63,99,114,7
123,97,109,3
4,73,9,75,86,87,80
126,37,27,93,53,3
11,86,2
67,128,69,93,53
110,67,44,32,101
26,4,73,9,97,109,102,29,67,44,32
69,14,62
124,24,105,71
7,86,87
90,94,19,30
98,106,127,69,93,53
73,9,96
108,123,70,44,25
36,69,87
82,38,14,62
53,102,29,18
11,86,87,58
66,34,48,49
29,67,44,32,101
43,104,63,99,114,72,126,37
88,44,25,36
111,40,10
100,114,78,64
45,83,102,29,67,17
19,69,93,53,102,29,5
23,128,104,63,54
103,97,109,66
62,85,102,35
19,69,93,53,126,37
48,104
25,54
43,97,109
116,66,102,29,67,117,110
54,16,56,38,98
61,69,93,53,3,27
102,38,77,78
61,69,93,53,102,29,67,44,32
35,30,75
54,16,110,67,117
117,110,67,44,32,24,27,94,19
85,32,122,81,125,84,8,47,74
27,29,67,128
16,114,72
4,73,9,97,109,3,89
77,24,105,56,38,98
113,116,4,111,74
123,70,122,41
27,94,19,69,79
109,63
75,86,97,109,81,5,39
92,82,68,34,113
55,29,67,44,25,108
92,62,61
29,67,44,32,122,81
77,24,32
69,93,53,3,94
80,50,121,48,104,63
28,46,55,83,8,47,69,93
76,115,33,44,6
80,19,69,93
52,88
81,125,84,8,13,118,48,49
117,110,67,40,86
5,39,110,67,128,104,63,99,2
6,100,114
24,105,56,38,98,50,121,48,49
95,94,19,69,93,53,102,61
40,86,115,106
113,109,102,29,67,44,32
120,103,97,109,81,125,77,41,60
71,44,58,112
42,25,15,52
53,3,27,1
84,55,83,116,4
19,16
40,47,69,111
51,64,25,96,23
88,65,37,27,94
61,69,93,31,96
39,110,67,40,86,115
116,4,73,124
64,25,54,112
38,77,24,27,29
48,104,63,99,2,77,24,105,71
11,86,87,124,24,27
125,77,24,58,68
53,3,94,19,23
109,81,125,64,31,36
105,54,9
52,88,102
74,22,127,92,123
113,109,81,125,77,24
2,77,41,60,97,109,81
85,32,109,3
28,46,55,83,8,13,118
95,99,2,125,84,8,13
27,60,24,105,56
53,102,29,67,44,25
123,31,33,14,88,22
86,97,109,81,125,84,8,13,118,48
99,2,125,84,8
121,48,128,79
88,22,127,83,116
20,81,5,39,76
69,93,53,102,61
91,3,94,19
45,80,19
4,111,83,8
19,69,93,53,102,29,67,44
39,110,67,44,25,54,16
112,67
110,67,40,70
105,54,16
3,94,19,30,46,55,83
31,96,52
32,122,63,99,2
89,6,100,5,39
99,2,125,84,32
118,48,104,63,91
107,96,66,127,10
97,109,63,99,26
7,86,115,94
86,87,55
77,41
82,38,77,41,86
28,46,55,82,38,77,41
123,70,122,81,125,77,78,28
62,15,11
20,81,125,84,94,19,95
118,48,104,63,99,2,77,24,105,71
77,24,27,94,19,12,127,10
12,127,42,49
