21,56,55,22,38,97,3,15,28,16
98,33,24
65,91,45,5,15,28,71
103,39,43,112,25
85,114,45,5,72,96,51
41,127,28,26,91,45,47
92,103,39
35,107,113,38
71,45,5,15,28,26,94
82,67,57,44,56,55
19,95,29,52,35,31,23,25
71,47,97,3
83,22,38,97,93,5,64,50
72,96,111
9,114,45,124,41,83
22,38,125,105,127
19,125,105,127,28,16,9
24,45,58,78
68,69
92,73,53,95,29
88,71,6
106,111,16
11,9
105,127,28,16,125
57,82,67,42,3,9
115,14,79
2,68,28,71,118
87,93,90,110,98,108,18
9,114,45,5,64
79,26,44,56,55,22
50,36,20,115
114,45,124,1,104,33,24,70
123,92,73,50,36
56,55,22,38,97,3,15
17,72,96,51,85
112,111,126
53,95,29,101
12,89,101,102,11
127,119,98
121,17,72,96,51,119
26,44,56,78
81,82,67
58,34,98
63,87,93,5,15,28,26,91
100,90,10,121,99
97,3,15,28,26,91,45,58
27,125,122,30,88
29,52,35,24,70
95,29,101,15,28,16,9
62,85,114,45,4,120,40
100,90,10,28,16
43,109,105,127,60
98,81,56,55
94,10,119
54,20,92,73
48,15,28
78,7,117
66,21,56,55,22,38,97,93,5,64
4,104,33,95
90,56
64,50,124,106
40,35,24
44,84,26
55,22,38,97,93,5
103,11,93,5,64
54,38,97,93,5,64
125,105,127,119,22
49,11,113,38,97,3,61
5,19,95,34,60
75,90,10,28,16
82,67,31,23
50,124,1,104,62,85,114
40,14,125,122,26,94
78,7,87,93,5,64,50
11,42,108
71,45,124,1,104,33
90,124,101,111
94,10,28,71
106,43,109,105,127,123
35,24,45,124
5,15,14,70
118,74,29,52,35,14
77,21,81,92,7
77,57,82,67,32
5,19,95
77,3,9
118,74,102,38,97,3
25,124,101,110,98,59
117,48,15,28,26,91,45,124
30,121,104,33,100,90
87,93,5,64,50,36,20,115
51,119,22,38,97,93,90,10,121
14,125,122,26,91,76
31,23,25,40,14
30,121,104,68,69
55,35,122,128
116,2,68,125,122
7,43,109,105
37,105,127,93,90,56
72,96,105,127,93,5,64,42
49,11,9
7,87,93,90,56
38,97,3,15,28,79
94,13,114,45,4
75,90,10,119,11
91,12
31,26,94
55,35,24,45,47
51,119,89,101
43,112,74
108,113,38,97,3,88
117,106,43,109,38,97,3,61
77,35,14,13,63
89,101,15,28,26,91,45,5,64
17,107,113,38,97,3,15,28,26
78,36,20,88,71,6
60,89,101,110,98
128,85,114,45,124,101
57,104,33,95,34,103
52,35,122,30,121,104,62
79,26,44,84
37,64,50,124,1,104,33
17,107,113
24,70,50,36,20,115
45,4,120,40
70,102,38,97,3,109,72,12
24,45,124,1,55,22
81,56,55,22,38
16,125,105,127,93,90,10,48
77,35,24,45,124
78,36,20,88,17,107
68,28,26,91,45,5,64,50
26,91,45,5
126,97,3,9,4
120,4,75,90,56,55,22
42,3,15,57,82
113,38,97,3,71,118
79,54,75,90
115,94,10,28,71,118
99,70,102,11,87
101,110,69,109,75,99
60,115,94,10,121,104,33,100
124,41,127,119
67,42,108,18
34,103,114,45,4,80
53,106,43
59,93,5,15,28
53,106,43,109
85,118,74,29
103,11,93,5,64,50
85,114,45,124,101,110
33,81,92,73,53
12,128,105
55,22,38,97,93,90,110,77
105,72,27
92,73,53,95,34
61,38,97,93,90,56,55
66,21,56,55,22,38,97,93,90,10
66,21,81,82,67,42
13,92,7
81,82,67,50,124,8
5,19,95,34,103
7,43,109,38,97,2,68
79,54,38,97,3,109
66,41,54,20
103,114,45,124,1
127,28,26,44
90,110,98,108,18
56,55,22,83
66,92,7,87
112,13,124,88
23,34,56
17,72,96,51
14,125,38,97,3,109,75
15,57,82,67
71,45,124,1,104
59,93,90,10,121,116
32,47,97,3,9
96,105,127,123,108,95,54
85,114,45,58,78
97,3,15,28,26,94,87
100,90,3,88
91,45,5,15,28,79
108,45,4,120
44,56,55,22,38
108,113,38,125,105,127
128,105,127,93,90
90,73
95,6
24,45,5,15,28,79
83,22,38,97,3,15,28,79
97,3,15,14,46
15,28,26,91,37
7,45,4,80
51,119,22,38,97,93,90,10,121,37
7,43,109,72,96,51,119,22
5,64,50,124,101,66
22,44,71,118
98,59,93,5,72,27
127,93,35,107
111,35,122,6,77
57,44,56,55,22,38,97
61,38,97,3,15,57,82
64,42,108,95,40
42,3,109,72
5,19,125,122,30
102,38,97,93,90
128,85,114,45,58,34
12,89,101,111,35,107
90,10,48,74,63
38,97,117,106,74
55,22,38,97,117,106,111,126
6,28,71,118
97,93,90,56,55
63,87,93,90,110,77
36,45,124,1,104,62
117,48,15,31,81,92
3,109,38,59
53,95,29,101,66
101,15,14,70
69,96,120
63,87,93,5,15,62
55,22,38,97,117,106,43
1,55,22,38,97,3
60,112,74,79
17,72,27
120,40,14,125,105,127,119,51
24,45,124,88
57,82,67,50,124,101,111
113,106,43
121,104
18,65,91,45
80,75,90,10,127,123
15,28,26,91,45,124,101
56,55,22,38,97
48,15,108,18
13,63,87,43,29,52
24,45,5,15,28,26,91,76
55,22,38,73
107,81,82,67,70,102
49,11,93,5,15,57,82
94,87,43,109,72,12,128
89,101,111
55,22,38,97,93,5,19,41
3,15,31,81,92,73
41,2,56
112,17
126,97,93,90,124
18,65,91,55,35,24,70
53,95,29,101,110,69
60,115,94,87,43,109,72,27
102,38,97,3,15,28
80,75,90,10,48,109
23,34,125,105,127,119,51,85
60,67,50,36
31,23,117,106,111
111,16,125,105,127,119,51,85
73,75,76
17,33,24,45,124,1
3,19,95,29,52
48,15,14,46
68,28,26,91,45,124,101,66
58,50,124,8,65
88,105,127,93,53
78,36,20,92,73,53
77,54,75,90,10,48
17,20,92,73,53
70,102,11,113
54,75,90,10,95,34
81,56,31,23
61,38,97,93,5,64,50
45,4,120
43,65,91,45,124,1
15,31,81
15,31,23,25
3,109,72,12
23,34,103,39,43,112
31,23,123,108,101
48,109,38,97,2
45,124,101,110,98,108,18
109,72,47
118,105,127,28
10,119,69
96,51,119,22,100
119,11,87,43
93,5,72
124,1,104,33,24,45,58
114,45,124,1,104,62,85
14,125,122,30,121,116
98,48,15,28,26
32,47,97,3,15,31,23,34,103
1,104
26,44,56,29,86
34,125,122,30,121,37
30,121,104,68,28,26,94,87
104,68,28,26,91,115
98,108,101,66
94,87,30
111,35,31,23,34,60
126,97,93,5,64,50,36
13,114,8
79,26,123
75,90,10,121,37
59,93,53,32
51,119,22,38,97,93,5,19
17,82,67,57
104,33,24,45,124,1
63,87,3
53,106,43,109,72,27
60,44,71,45,124,1
64,42,3,9,114
123,108,45,124,8
93,35,24
6,102,38,97,3,109,72,27
100,90,10,48,109,72,27
108,45,4,80
56,55,22,38,97,3,88
75,82,67,32
52,35,78,36
75,82
76,98,108,113,38,97,2
106,43,109,105,127
76,98,59,13,63
65,91,55,22,38,97,3,109
93,5,19,95,34,60
124,1,55,22,38,97,3,61
1,104,30,121,17,20
52,35,107,113
53,106,43,112
48,15,31,81,92,73
12,121,104
18,65,91,45,124,41
69,65,91,45,58,84
74,102,4,120
36,45,5,114
20,116,2
78,7,43,112,25
82,67,50
85,114,45,5,15,57,82
121,99,43,112,13
101,15,28,26,44,56
28,26,91,45,124,101
12,89,101
3,15,14
62,85,118,74
120,4,75,82
27,125,105,72,96,120
4,75,90,56
29,52,35,24,45,5,64
4,52,35
84,26,91,76
76,72,96,51
6,77,57,79
51,119,22,83
36,45,124,8
104,33,95
8,97,93,5,64,42
22,38,97,3,9,4
106,111,126
34,103,114,45,47
100,90,56,78
68,92,73,53
71,45
54,38,125,105,127,123
7,87,93,5,19,95,34
21,35,24,45,47
5,72,96
73,50
72,96,105,127,123
72,96,51,119,98,81,82
105,127,119,98,49
49,18,65,91,45,47
12,128,85,114,45,4,120
58,50,124,101,15,28
110,69,65,91,45,58
61,20,115,94
53,106,43,109,38,97,3,88,17
10,48,109,38,97
92,105,127
60,49,18
68,125,105,127,123,40
112,74,123
6,102,76
37,64,42,3,109
117,48,15,108
28,16,125,122,6
48,109,72,96,51,119,98
53,106,43,109,38,97,3,88
77,54,75,99
83,22,87
50,124,101,110,84
1,55
100,90,110,98
48,109,38,97,93
112,74,48
59,93,35,107,113
108,113,38,73
82,67,70
72,12,89
2,68,125,105,127,119
63,87,43,109,72,27
111,16,125,105,127,119,51
38,97,3,109
15,108,113
101,110,98,59,93,90,10
58,84,26,91,76
45,124,101,66
70,102,38,97,117,106
54,38,97,93,35,24
73,53,106,43,112
60,115,94,87,43,109,72,96
62,2,68,28,26,94,87
123,108,95,29,52
56,55,22,38,97,93,90,10,48
114,45,58,78
18,109,38,97
12,128,85,114,38,97,3
106,26,91,115
119,22,38,97,93
42,3,15,14,46
19,125,105,72
85,114,38,125,105
66,21,35,14,46
72,96,111,126
62,85,114,45,5,72,12,89
40,102,11
13,114,45,5,15,57
99,43
81,82,67,70,98
112,74,102
42,3,15,31,81,92,73
115,94,87,93,90
71,47,97,3,9,39
56,55,35,14
93,35,14,13
6,77,54,75
115,94,87,93,5,15,31,23
106,43,112,25
14,46,40
89,101,15,28,26,91
49,11,87,43
4,104,33,24,45,124
92,7,87,93,5,15,28,16
95,29,52,35,24,45,124,1
98,48,15,62,85
75,90,10,28,26,91
128,85,114,45,5,15
49,11,93
100,90,110,98,81
34,125,5,15,31,23
82,67,42,3,15
112,13,92,7
88,105,127,119,98
66,41,127,119,51,85,114
6,77,54,20
122,6
84,26,91,45,47
100,90,3,19
103,11,87
44,56,31,81,92
37,105,72,96,120
84,26,91,45,5,72,27
62,2,68,28,71
75,90,124,106
73,55,35,122,30
57,44,84,26,94
110,69,65,91,76
85,114,45,124,101
75,90,73,53
110,77,3,88
40,14,125,122,30,121,104,33
50,36,20,115,94,10
4,120,40,102,38,97,93
95,34,98,108,18
86,54,20,88,120,4
51,119,22,38,97,93,35,24
43,109,38,97,93,5,64,50,36
27,21,56,31,23
64,50,124,1,104,33,24,70
45,5,72,12,128
71,118,105,127,119,51
122,30,121,99
113,38,97,93,35,24,70
31,81,56,55,22,38,97,3,9
47,97,3,125
78,7,87,93
89,101,15,31,23,34
52,35,78,7,87
67,42,108,95,29
81,56,55,35,14,46
36,20,88,71
103,11,93,90,10
82,67,42,3,9
27,125,24,45,4,80
62,2,82,67,70
38,97,93,90,10,121,37
1,55,22,38,125
42,3,9,39,43,112
42,3,15,28,26,44,56,78
105,72,96,120
71,45,5,64,50,36,20
28,26,91,45,4,120
44,56,55,22,38,97
100,90,110,98,59
57,82,86
39,43,109,75,90,110,77
52,35,24,45,124,8
57,104,30
81,56,55,22,38,97
43,29,52,35
74,123,92
70,102,38,97,2
26,125,105,127,119
12,89,101,63
31,81,56,55,22,44,71
76,98,48,15,28,26,94
45,5,72,12,89
97,2,100
67,50,124,8
84,102,38,97,3,88,17
14,125,24,45,4,80
55,35,122
121,17,107,113
126,97,3,15,57,82,67
32,51,119,98
57,104,33,24,45,47
7,43,109,72,96,51,21
126,97,3,9,114
58,84,26,94,32
13,63,87,43,109,72,27
25,40
11,93,90,56,55,22
89,101,66,41
108,95,29,52,35,107
20,31,81,82,67
37,105,127,93,35
88,70,50
102,38,97,3,9,114,8
81,56,55,22,38,97,3,15,28,26,94
5,72,96,51,119,98
20,88,70
56,31,81,92
98,81,82,67
92,7,45
58,50,124,1,43
128,85,114,45,124,101,111,126
55,60,115
123,108,113,38,97,3,109,72,96
120,40,14,125,105,127,119
116,2,68,28,26,91,45,58
9,39,43,109,72,12,128
59,93,90,10,121,104
4,115
67,57,104,68
14,125,106,43
42,3,115
94,13,89,101
11,9,114,45,58
2,68,109
36,45,121,99
98,81,37
100,90,10,48,109,72,12,128
86,54,75,82,67
75,90,3
34,60,115,94
53,106,43,109,38,97,3,15,62
118,25
105,127,93,90,56
66,58,84
105,127,123,108,95,54
71,45,124,1,104,33,24
61,38,97,3,15,28,26
114,45,58,34,60
82,67,70,98
1,104,68,28,26,91
20,56,55,22,38,97
28,26,91,45,124,1,104
12,89,101,15,57
30,121,104,33,81,82
15,28,16,125,122,30,121
56,55,22,38,97,3,109
16,61
2,68,125,105,127,123,40
63,87,43,109,72,12
41,127,123,92,73
95,29,101,33,100
31,23,123,108,101,110,69
83,33,24,45
106,43,29,101
27,125,38,97,3
57,82,67,50,36,20,92
127,119,11
83,22,38,97,117
27,125,122,30,121,104,33
94,10,121,17
117,48,15,57
45,124,101,110
20,31,81
32,47,97,93,5,64
38,97,3,109,72,12
115,94,10,121,104
120,40,102,11
87,43,109,38,97,2
69,65,91,37
81,56,55,22,38,97,3,109,72
56,55,22,38,97,93,5,19,95
83,33,24,45,4
11,113,38
45,4
51,119,98
33,88
114,38,97,93,11
45,121,116
91,76,98,59
83,22,38,97,3,61
86,54,75,90,10,121,37
29,52,35,31,23,25
16,125,105,72,27
84,102,38,97,3,109,75
121,104,33,100,90
103,39,43,109,38,97,2,68
60,115,94,87
89,101,110,69,109,72
127,28,26,91,45,124,1
25,124,101,15,28
43,109,38,97,3,9,114
113,38,59
46,22,38,97,117
14,125,122,30,121,104,33,100
102,24,45,58
19,41,83,77
125,5,15,14,46
79,26,125,105,127,119,51
54,75,90,124,101,111,126
52,35,14,125
109,72,96,51,119,69,65
87,43,109,105,127
125,122,128
110,69,96,105,127
41,2
73,55,22,38,97,93
34,125,122,6
71,45,124,1,55,22
27,125,105,127,123,108
85,114,45,124,101,111,126
122,26,94,87,43,112
105,127,28,16,9,39,43
33,81,82,67
119,22,38,97,3,88
69,109,72,12
6,102,38,97,3,15,31
36,20,31,23,34,60
33,24,45,5
16,125,122,26,44,56
121,104,33,24,70,102
63,87,93,5,15,28,26,44
117,106,111
97,3,15,31,81
3,9,39,43
3,9,114
11,93,5,72,27
47,97,93,35,24,70
107,113,38,97,3,15,31,23
37,105,127,119,59
58,84,26,123
125,122,6,77
127,119,51,85
72,96,105,127,123,108
85,118,74,29,86
46,41,100
26,44,56,31
76,98,48,15,31,23,25
92,7,45,58
40,35,24,45,124,1
108,95,29,52,35,14,46
40,14,125
19,125,122,26,44,56,55
68,28
51,119,22,44
112,25,26
63,87,93,11
41,127,93,90
50,36,45,5,72,96
31,23,34,118
70,102,38,97,93,5,84
89,101,110,98
117,106,43,109,72,12,89
89,101,66,92,73,53
105,127,123,108,95
99,43,107,113
21,35,107
127,119,22,38,97,3,109,75
83,77,21
66,92,73,116
28,71,118,74
16,125,105,127,119
6,102,38,97,117,106
33,95,34,60,115
89,101,111,35
13,114,45,5,15,31,81
123,108,102,11
43,109,38,97,93,5,64,50
107,113,38,97,93,5,19,95
54,38,97,3,61
126,97,93,5,64,42
112,25,54
30,121,104,33,24,45,5,19
2,68,125,105,127,119,51
1,104,68,28,26
59,93,5,19,41
82,67,42,3,109,72,27
5,64,50,124,1
87,3,9
32,47,97,2,68
124,1,55,22,38,97,117
37,64,50,36,20,115
7,43,112,111,126
8,97,3,15,28,26
30,121,104,33,95,29,52,35
84,26,91,45,5,64,50,36,20
47,97,3,125,122,6
64,113,38
31,81,56,55,35,107
127,28,26,91,45,58
114,38,97,3,109
38,97,3,15,14
67,41
39,43,112,13
63,87,93,5,19,41,83
14,70,50,36
110,98,81,92,73
62,2,33
121,104,33,24,45,47
86,73,53
98,108,45,4
53,95,29,52,35,14
15,57,82
12,89,101,111,79
39,43,109,38,97,93,5,64,50,36
101,110,69,96
13,114,38,97,3,61
127,93,5,72,12
114,45,5,19
46,112,13,114
33,24,45,47,97,2
108,113,38,125,122,6
63,87,93,35,122
28,26,44,56
45,124,41
58,50,36,20,88
56,55,35,122,98
37,105,127,123,108,113
103,42,3,15,28,26,44
120,49
13,89,101,102
25,124,1,104,33
20,88,105,127,28,26
57,79
115,94,10,95,54
14,125,122,98,81,82,67
11,93,5,64,50
69,65,91
39,43,112,111
60,112,25
85,114,45,5,19
64,42,108,95,29,52
67,42,3,125,105
3,15,28,26,44,56
110,98,108,113,38,97,2,68
68,125,122
92,7,43,65
98,59,93,90,10,121
118,93,5,64
53,95,29,52,35,78,7
10,95,34,60
25,124,101,15
35,24,45
48,15,28,79
82,67,50,36,20,92,7
46,112,74
3,15,28,26,44,56,78
63,87,43,109,72,96
124,1,43,112
34,98,21
93,90,10
71,45,124,1,55
22,44,56,55
46,29,26,94
115,94,87,93,5,64,50
33,24,45,124,1,104
67,42,3
34,125,105,127,119,22
117,106,74,102
50,124
119,98,108,18
2,56
14,13,124
107,113,38,97,3,15,31,23,34
45,5,15,31,23,25
103,42,3,88,17
68,28,26,94
34,125,5,15,31
44,84,26,91,115
91,45,5,15,28,16,9,39
93,5,15,28,71
19,125,122,26,91
25,40,102,38,97,93,5,19
49,11,93,5,72,96
81,82,17
116,2,101,110,77
73,53,106
7,43,109,105,127
91,55,22,44,56
65,91,45,124,101,110,69
77,57,93
22,38,97,3,88,120
104,68,28,71
28,60
84,26,91,45,124,101,66
12,89,101,111
83,22,38,97,3,15,28,26
100,90,10,48,74
119,89,101,66
124,41,54,20
62,64,42,108,18
103,39,43,109
112,74,29,101,66
114,45
75,90,10,48,15,31
3,15,57
93,5,72,96,105
35,31,81,82
124,101,15,57
15,28,26,91,76,98,21
63,87,93,5,84,102
37,105,127,119,98,81,82,67
4,120,92
106,37
11,9,114,45,124,101
105,127,119,98,81
108,95,54
42,3,88
24,45,5,19,125,122,6
118,74,29,52,35,24
70,102,38,97,3,15,28
94,87,93,53,106
35,78,7,43
60,115,75,99
108,95,54,20
118,105,127,119,51,85,114
85,114,45,124,101,110,77
65,91,115,94,87
66,21,35
82,67,50,36,20,115,94
110,98,81,82,67,70
9,114,38,97,117
1,104,68,28,79
44,56,55,22,38,97,93,5,64
49,29
67,41,127
71,47,8,65
83,22,38,97,3,88,17
35,122,26,44,56,55,22
18,65,91,45,5,15,14
110,98,108,95,34,103
90,110,98,81,82
104,30,32
99,43,109,38,97,3,15,28,16
98,59,93,5,64,50,36
10,121,17,20
47,8,65,111
54,20,88,120,4
57,93,5,15,28
36,45,124,1,104,68
71,45,5,15,28,16
75,90,10,48
70,102,38,97,3,15,57
64,50,36,45,4,80
89,108,113,38,97,3
51,85,114,45,124,1
91,76,98,49
84,26,91,37
62,85,114,38,97,3,109,75
71,47,97
10,127,123,92
104,33,24,45,5,15
6,77,57,104,33,100
106,43,109,72,96,120
89,101,52
8,65,91,45,124,41
92,73,53,51,119,59
58,34,95,40
55,22,38,97
52,35,31,23,25,40
103,114
15,28,26,44,56
76,72,96,105,127
35,14,46,112
122,26,44
127,119,11,87
86,54,38,97,3,15,28,26,44
1,104,33,24,45,4,80
64,50,124,101,110,77
18,65,111,49
86,54,63
78,7,43,109,72,96,51,119
83,22,38,97,93,90,110,69
32,47,60
100,90,56,55,22,38
76,98,108,113,38,97,3,88
8,96,51,21
47,97,3,109,75
76,72,12,89
49,29,52,35,78
117,106,43,109,38,97,93,53
48,15,28,16,125
3,109,75,90,110
95,34,125,105,127,123
105,30,121,37
118,121,104,33,100
120,4,104,33,24
60,85
32,47,97,93,53
63,87,43,109,72,96,120
55,22,38,97,93,5,19
60,67,41
106,43,109,38,97,3,15,57
35,78,36
16,125,122,6
76,72,27
76,98,59,93,5,19,41
90,10,48,15
46,29,101,110,69,115
12,128,85,114,45,5,19
13,127,119,11
15,28,26,44,56,55
105,127,28,16,125,122,6
46,29,52,35,24,45
25,40,14,125,105,127,119
58,50,36,20,31
88,105,127,123,108,95
72,12,89,101
13,89,101,111
49,29,86
105,127,119,11
10,95,54
36,45,5,15,28,16
1,55,108
72,96,105
102,38,97,3,15,28,26,49
88,17,107,103
8,65,91,45,58
116,56,43
18,109,25
93,90,110,98,59
55,22,38,97,117,106,111
49,29,101,111
34,103,114,45,58
39,43,109,75,90,10,48
78,7,87,30
35,31,23,25
10,119,59
116,2,33
86,54,75,90,10,121,104,30
23,123,108,113,38,97,93,90
92,73,55,22
27,125,38,97
75,90,56,78
15,28,16,9,39,43,109,75
88,96
95,29,86,27
42,3,9,114,8
24,45,5,15,28,16
75,90,10,48,15,14
29,101,15,28,16,9
91,55,22,38,97,117
70,50,124,1
24,45,5,19,95,29,86
21,56,55,22,38,97,3,61
63,87,3,9
52,35,31,120
51,119,22,38,97,93,90,10
75,90,117
80,68,125,122,6
68,125,122,98
112,13,92,73
87,93,5,19,95,34,60
101,15,28,26,44,56,55
67,70,102,38,97,93,5
24,45,47,97,3,109
30,42
25,124,1,55,22
98,48
109,75,90,110,77
32,47,97,93,35,24,70
42,3,19,41
47,97,3,125,122,30
75,82,67,42
65,123
3,15,28
63,87,43,109,75,76
98,21
108,113,38,97,93,90,10,48
78,7,43,109,38,97,2,68
19,125,105,127,123,92
58,84,102,38
78,36,20,92,73
49,11,93,5,15,28,79
32,47
81,56,55,22,44,84
60,115,14,125,105,127
24,70,50
117,106,111,49
64,50,124,101,111
69,109,38,125,122
14,125,105,127,93,53
12,89,101,15,62
84,102,38,97,117
122,26,91,45,124,41
84,102,38,97,2
28,26,94,87,93,90
14,13,63,87
1,43,109,75,76
3,125
5,84
51,119,22,38,97,93,35
85,114,45,124,1,104,62
85,114,45,58,34,103
34,98,59
3,19,95,29,86
22,38,97,3,15,31,23,34
99,43,109,72,83
128,105,127,93
61,38,125
42,3,15,31,23
84,26,91,45,5
13,114,45,5,15,28,26,44
106,26,91,45
96,51,85,114,45
37,105,127,123,92,73
8,97,3,125,122
99,54
120,4,52,35,122,128
52,85
7,87,93,5,19,95,34,60
61,38,97,3,15,31,81
90,10,121,116
21,56,55,22,38,97,3,9,39
77,57,82,67,70,102
45,5,19,125,122
55,22,38,97,93,90,10,121
35,14,46,112,74
42,3,109,72,96,51,119,22
125,38,97,3,61
83,22,38,59,13,63
24,45,5,15,57,82
87,43,109,75,82
52,35,31,81,82,67,32
103,39,43,109,72,96,51
30,121,104,33,95,40
3,109,75,99
62,85,114,45,4,120
111,126,71,118
96,51,119,102
75,76,98,81
26,94,87,43,109
1,55,35,122,6
19,95,54
43,109,105
46,22,38,97,93,90,10
120,40,14,125
32,39,43,109,38,125,122
61,35,14,46
121,116
46,29,52
37,27,100
95,34,125,105,127
8,97,93
90,124,8
37,105,127,123,92
40,14,46,112,25
51,85,114
92,73,53,95,40
21,56
16,125,122,26,44,56,55
78,7,87,93,5,64
86,73,89
7,43,65,91,115
14,125,122,30,121,99
29,52,85
79,54,75,76
125,122,26,44
60,112,13
72,47
20,31,23,34,103
58,50,124,1,43,109
31,23,34,125
33,81,56,55
32,39
94,35,24,70,102
118,121
27,125,105,72,12
29,52,35,31,81,82,67
37,105,127,93,5
117,48,15,31,23
3,109,75,90
121,104,30
117,106,43,109,38,97,2
71,45,124,101,110,98
50,36,20,31,23,34
43,65,91,45,58
80,68,28,16,9,114
51,119,89,101,111,126
87,93,35,24
97,93,90,56
114,45,5,73
29,52,35,24,45,5,19
44,56,78,21
108,95,34
117,106,111,35,78
74,102,11
104,33,95,29,52,35
26,91,76,98,59
26,44,56,55,60
88,120,4
20,92,73,53,106
91,55,22,38,97,93,90
122,26,94
119,69,115
47,97,117,106,74,63
92,73,53,106,74
21,56,55,22,38,97,3,15,62
71,45,5,72
77,3,15,62
39,43,109,38,97,3,15,57
2,56,55,22,38,97,117
75,82,67,50,36
11,87,43,109
38,97,93,90,10
41,127,60
7,87,93,90,56,55
95,29,101,111,79
89,101,15,62,2,68
25,52
13,114,45,5,15,31,23
16,125,38
122,26,44,56,29,86
67,70,98,59,13
51,119,22,38,97,3,61
31,23,34,98,59
4,52,35,78,36
92,73,55,22,44,71
84,26,44,56,29,86
1,43,112,13
56,55,22,38
70,102,38,97,93,90,10,48
85,114,38,97
9,39,43,109,105
88,105,127,93,5,15,31
108,95,29,52
102,38,97,93,90,110
73,53,95,29,101,110
116,56,55,22,38,97,93,5,64,50
1,104,30,121,99
84,26,44,56,55,60
62,2,68,28,26,49
69,115,94,87,43,112
46,29,26,91
95,29,101,116
96,51,119,22,38,97,3,9
78,7,43,109,105,127,123
107,113,38,97,3,15,28,26,91,45,58
124,1,104,33,95,29,86
38,97,3,15,31,23,34
104,33,100,90,10,48
67,57,104,30,121
105,127,28,26,94
109,72,96,51,119
73,53,106,43,109,72,12
20,36,45,124,8
1,104,33,24,70
8,97,3,15
84,26,44,56
71,45,5,19,95
76,72,96,120
22,44,56,78
87,93,5,64,50,36,20
49,18,65,91,45,124
53,106,70,50,36
82,17
128,85,114,45,124,101,111
56,55,108,18
67,42,12,128
39,43,109,38,97,3,15,14
70,102,38,97,93,35
18,109,105,127
43,109,72,96,51,119,22
109,75,90,10,121
88,105,127
62,2,56,55,22
127,93,90,10,121,104
94,87,93,5,19,125
35,107,113,38,97,3,109,75
127,119,102
24,45,124,1,104,62
120,4
99,43,109,75,90,56
64,56,78
109,38,97,3,9
16,125,122
12,128,105,30
86,54,75,82,67,70
46,112,74,79
24,45,5,15,57,82,67
91,45,124,1
113,38,125,105
49,11,42,108
87,93,35,78
72,96,105,127,123,108,95
50,124,8
26,91,45,124,101,110,69
101,102,38,97,117
65,91,45,5,64,42
90,56,55,22
109,72,83
15,28,26,91,45,124,101,110,69
86,54,75,90,10,121,104,33
123,108,45,4,80
66,41,127,119,98
32,47,97,93,5,64,50,36
75,90,10,48,15,31,23
43,112,25
10,119,51
86,27,100
14,13,89,101,110
34,125,122,30,121
27,21,81,82,67,57
11,113,38,97,3,88,17
50,124,1,43,109,75
126,97,3,15,31,81,92
122,98,108,18,65
75,90,10,121,104
80,75,90,10,121,104,62
61,38,97,93,5,19,95,54
16,9,114,45
59,13
40,102,38,97,93,5,19,95
58,84,26,94,10
53,95,34,60
76,98,108,113,38,97,3
5,15,57,82
47,97,3,15,28,79
37,64,50,124,1,104,62
107,72,47
19,41,2,68
123,108,113,38,97,3,109
33,24,45,47
126,97,93,5,19,95,29
110,69,115,94,87
104,33,24,89
120,40,14,70,50,36
127,119,98,49
97,117
110,98,81,56
81,56,55,22,38,97,3,15,28
113,38,125,105,127,119
23,25,40,14
115,94,13,114,45,47
65,91,12
14,115
122,93,90
59,93,11
63,87,93,5,15,28,16
56,55,22,38,97,93,90,10,121,104,33
97,93,90
40,102,38,97,3,15,28
74,22
34,125,105,72,96,120
124,106,74
99,43,112,111,126
64,50,36,20,88,105,127,123
115,4,120,40
69,65,91,95,29,86
38,97,3,15,28
32,51,85,114,45,124,1
41,127,119,98,49
22,38,97,93,90,10
32,39,43,109,38
120,4,104,33,24,45,47
115,94,123
88,105,127,93,35
107,81,82,67,70
110,98,108,113,38,97
51,119,98,108,18
58,50,36,20,116
7,87,93,5,73
35,24,45,124,41,83
98,108,101,110,77
114,8,123,108
13,114,38,97,2,68
40,72,27
85,114,45,5,72
68,28,26,44,56,55,22
92,73,55,35,24
59,93,5,64,50,36,20,115
2,68,28,26,91,45,124,1
58,50,36,45
118,12
36,45,124,8,65
128,105,72,12
86,54,20,115,94,87
118,105,127,119,51
73,53,95,34,60
101,127,123
91,45,124,1,104
17,107,113,38,97,3,15,28,79
109,38,97,3,15,62
14,125,105,127,93,35,107
79,54,75,76,18
112,111,35,122,30
83,22,44,84,49
26,94
120,40,14,13,63
43,109,38,97,3,15,57
68,28,26,44,84
103,39,43,109,72,96,51,85
7,43,109,72,96,51,85
108,101,110
58,50,124
126,97,3,109
122,128
54,38,125,122,6
49,23,34,103
25,40,14,125,122,6
8,33,95,34
67,57,104,30,121,37
89,108,95,29
54,38,97,3,109,72,12,89
110,98,81,92
6,77,35,78
5,15,28,26,44
102,38,125,105,127
89,101,15,57
128,85,114,45,124,101,110
49,11,113,38,97,3,88,17
45,5,72,96,51
103,42,3,61
104,33
46,41,83,33
109,75,82,67,70
25,54,75,82
98,108,95,54
93,5,15,28,26,94
121,104,33
57,82,88
54,75,90,124,101
118,93,5,64,42
67,70,102,38,97,93
108,113,38,97,93,90
3,9,4
119,22,38,97,3,15
105,72
48,15,28,26,44,56
103,42,126
46,29,52,35,14
30,121,17,107
124,1,104,30,32
25,40,35,31,81
114,38,97,93,90
100,90,56,55,22,38,97,2
96,51,85,114,8
37,105,127,119
48,15,28,26,91,45,124,101
35,31,81
101,63,87
111,94,32
17,33,24,45,124,101,66
17,72,96,120
104,33,95,34,60
9,114,45,124,101,110,98
90,110,98,81,92
100,90,124,101,111,126
34,125,105,127
65,91,95,29,86
21,35,107,113
43,109,38,97,3,15,28
108,113,38,97,3,15,62,85
40,14,125,122,128
74,63,87,93
21,56,55,22,38,97,93
6,77,21,56,55
29,52,35,24,45,4
122,98,81,82,67
104,33,95,29,52,35,14
95,34,98,59
25,124,1,104,68
99,43,109,38,97,3,71
19,125,5,15
46,22,38,97,93,90
67,57,44,84
115,94,10,28,26,49
8,65,91,37
54,63
60,112,13,114
2,68,125,122,128
119,22,38,97,3,109
63,87,93,35,78,7
9,39
67,42,108
120,4,75,76,98,59
23,34,118,74
23,34,103,39,43,109,75
37,64,50,36
118,74,123,92
95,34,103,11
39,43,29,86
18,109,75,82,67,32
99,43,112,25
6,102,38,97,93,90,10,121,116
73,50,36,45
42,108,18,65
85,114,38,97,3
38,97,93,5,19,95,29,52
101,33,100
25,40,35,31,23
26,94,87,93,90
25,40,72
75,76
44,56,55,22,38,97,93,5,64,50
26,94,87,43,109,75
44,56,55,22,38,97,3,109,75
119,98,81,82
126,97,93,90,10,121,104
50,36,57,82
93,5,72,96
79,26,91,37
125,24,45,124,1
105,127,119,51,85,114
70,50,36
88,105,127,93,5,15,57
23,25,50,36,20
59,13,114,45,4
117,48,15,31,81,92,7
126,97,3,15,28
2,68,28,26,91,45,47
60,115,94,87,93
96,51,119,11,87
3,15,28,26,49
7,43,109,72,83
108,113,38
49,11,93,5,64,50
21,56,55,22,38
17,82,67
124,106
97,93,5,19,95,29
53,32
6,102,11,87
109,75,29
66,41,54,75
85,114,38
58,50,124,101,110,77
13,114,45,5,15
15,28,26,91,45,5,19
115,94,13,114,45
53,106,43,109,75,90,10,121,104
39,43,109,75,90,10
15,28,71
1,104,33,95
83,22,44,56
59,13,89,101,111,126
30,121,104,33,81,92,73
21,81,82,67,50,36,20
43,112,25,40
34,95,29,86
40,35,24,45
60,44,56,31,23,34
13,124,1,104,33,100
64,50,124,1
106,43,109,38,97,3,9,39
15,28,16,125,122,6
62,85,114,38,97,3,88
97,93,5,19,95,29,52
25,40,14,13,114
51,119,22,38,125
78,7,87,93,90
99,43,112,111
57,104,68,125
37,105,127,123,92,7
78,101,102
81,56,55,22,38,97,93,90,110
28,16,125,105,127,119,59
23,117,106,111,126
85,114
93,90,10,121,116
106,26,94
127,119,59,13
3,125,122
95,54,20,36
112,74,63,87,93,90,56
59,93,5,15,62
8,97,3,88,17
29,86
79,66,92,73
29,52,35,107,113,38,97,3,88
14,125,122,30,121,104,33
43,109,72,96,51,119
13,63,87,43,112,25
50,36,45,47,97,117
58,50,124,101,15
73,53,95,54
72,96,51,119,22,38,97,3,15,62
57,93,35,14
92,7,87,93,5,15,28,26,94
107,113,38,66
61,38,97,2,68
27,21,56,31
86,54,75,82,67,70,102
33,24,45,124,41,83
100,90,10,28,26,91
76,72,96,111,126
113,38,97,93,90,10,48
93,90,10,121,104,68
33,95,29,52,35,14,13
112,13,127,119,51
26,44,56,55,35,14
52,35,31,23
46,41,127,119,11
43,109,38,97,3,15,31,23,34,103
90,56,55,22,38,97,93,5
40,14,13,63,87
26,91,95
28,16,125,105,127,119,51
24,108
39,43,109,72,96,51,119,11
63,87,3,88
93,90,124,101
13,114,45,47
118,74,29,52,35,24,70
64,50,36,20,88,105,127,119
103,39,43,112,25,40
1,104,68,69
116,56,55,35,14,46
121,37
44,56,55,35,14,46
125,38,97,2
37,14,13,89
51,119,59
53,95,29,52,35,31
56,55,22,38,97,3,9,39
58,84,26,94,13
39,43,29
12,89,101,15,28,26,44,56
37,105,127,123,108,95,34
109,105,127
73,89
1,104,33,24,70,102
86,54,38,97,3,9,114
75,90,39
3,19,41
7,100
83,22,38,125,122,128
56,55,22,44,84
11,93,5,19,41,83
18,65,91,95,29
127,93,5,19
38,97,93,35,107,113
64,113
41,54,20,36
125,5,19
5,15,28,26,94
84,102,38,97,93
51,119,22,38,97,3,15,28,26
52,35,31,23,34,60
14,125,5,64,42
13,114,38,97,3
124,101,15,28,16,125,122
117,48,15,31,81,92,73
12,89,101,111,49
104,33,24,70,50
1,104,33
86,54,38,97,3,15,31,23
123,108,113,38,97,3,15,31,81
124,1,104,33,100,90,10
9,114,45,124,1,104,33,24,70
56,55,35,14,13
38,97,93
57,82,17,76
54,75,90,10,121,104,33
95,29,101
108,113,38,97,93,90,10,121,116
51,119,22,38,125,122,30
82,67,50,36,20,92
101,66,92,73
37,14,46
102,38,97,93,90,10,121,104
113,38,97,93,90,10
16,125,122,26,44,71,118
90,56,78,7
96,51,119,98,81,82,67
104,33,24,45,124,101,110,77
69,96,51,21
60,44,56,78,7
87,93,35,14
53,51,119
9,114,45,58,34
5,15,14
73,50,124,8
25,124,1,104,30,121
90,10,28,26,94
66,21,56,55,22,44
54,75,82,67,70
74,102,38,97,3,9,114
123,108,113,38,97,93,90,10,121,104
99,43,109,38,97,3,15
80,75,90,124,101,66
70,102,38,97,93,90
45,124,106,74
14,70,102,11
113,38,97,2
54,75,90,124,8
36,57,82,67
115,94,13
7,87,93,5,15
73,53,95,29,101,66
28,26,91,45,124,101,110
55,22,83
39,43,109,75,90
94,13,89
117,106,43,109,38,97,3,88
128,49
88,46,112
56,55,22,38,97,3,15,28,16
110,12
45,5,15,28,26,91,76
119,22,38,97,3,15,14
24,45,5,15,14
