0.0002551078796386719
0.0010700225830078125
0.0008652210235595703
0.0007817745208740234
0.000705718994140625
0.0009496212005615234
0.0007829666137695312
0.000659942626953125
0.0011935234069824219
0.0004401206970214844
0.0009496212005615234
0.000331878662109375
0.0006895065307617188
0.0007467269897460938
0.0010848045349121094
0.00038886070251464844
0.0006673336029052734
0.00030422210693359375
0.0010259151458740234
0.0007884502410888672
0.0010187625885009766
0.0008695125579833984
0.00022077560424804688
0.0006005764007568359
0.00046825408935546875
0.0005171298980712891
0.00014901161193847656
0.0006766319274902344
0.00128173828125
0.000591278076171875
0.00046062469482421875
0.0007462501525878906
0.0012285709381103516
0.0008006095886230469
0.0006008148193359375
0.00035119056701660156
0.0003380775451660156
0.0006594657897949219
0.0009047985076904297
0.0011470317840576172
0.0007760524749755859
0.0006902217864990234
0.0009036064147949219
0.0006797313690185547
0.0006718635559082031
0.0007100105285644531
0.0008075237274169922
0.0004684925079345703
0.0012094974517822266
0.00099945068359375
0.0003578662872314453
0.0009372234344482422
0.00043773651123046875
0.0001270771026611328
0.00012612342834472656
0.0003561973571777344
0.0010492801666259766
0.0003330707550048828
0.00031828880310058594
0.0008409023284912109
0.0005269050598144531
0.0005023479461669922
0.00018310546875
0.0008594989776611328
0.00032806396484375
0.0007510185241699219
0.0003674030303955078
0.0006110668182373047
0.0011353492736816406
0.0006132125854492188
0.0009970664978027344
0.0002181529998779297
0.00046634674072265625
0.0007419586181640625
0.0008172988891601562
9.036064147949219e-05
7.43865966796875e-05
0.00037217140197753906
0.0009202957153320312
0.0004253387451171875
0.0007379055023193359
0.00044155120849609375
0.0007586479187011719
0.0002963542938232422
0.0007870197296142578
0.0010056495666503906
0.0008955001831054688
0.00066375732421875
0.0002434253692626953
0.0008502006530761719
0.0004868507385253906
0.0006740093231201172
0.00024819374084472656
0.0008664131164550781
0.0005958080291748047
0.0006673336029052734
0.0009398460388183594
0.00044274330139160156
0.00030922889709472656
0.0004849433898925781
0.0009398460388183594
0.0003209114074707031
0.00030040740966796875
0.04739880561828613
0.0007357597351074219
0.00019168853759765625
7.462501525878906e-05
0.00037789344787597656
0.0007181167602539062
0.0004940032958984375
0.0005676746368408203
0.0007495880126953125
0.0005538463592529297
0.00026535987854003906
0.0006434917449951172
0.0007836818695068359
0.0009319782257080078
0.000972747802734375
0.000614166259765625
0.0004322528839111328
0.0008573532104492188
0.0004177093505859375
0.0005671977996826172
0.00039696693420410156
0.000652313232421875
0.0005452632904052734
0.0005865097045898438
0.0004062652587890625
0.0008902549743652344
0.0007557868957519531
0.0009646415710449219
0.0004851818084716797
0.0004343986511230469
0.0006847381591796875
0.0015423297882080078
0.0002548694610595703
0.000568389892578125
0.00041604042053222656
0.0004394054412841797
0.0003466606140136719
0.0006420612335205078
0.0009441375732421875
0.0007731914520263672
0.0004775524139404297
0.00048160552978515625
0.0012416839599609375
0.000942230224609375
0.0005509853363037109
0.0005991458892822266
0.0004706382751464844
0.0005471706390380859
0.0004324913024902344
0.0003180503845214844
0.00044536590576171875
0.0006005764007568359
0.0005168914794921875
0.0008149147033691406
0.00039839744567871094
0.0004405975341796875
0.0005578994750976562
0.0007524490356445312
0.0008170604705810547
0.00038361549377441406
0.0009319782257080078
0.0006515979766845703
0.00044727325439453125
0.0007524490356445312
0.0006175041198730469
0.0005879402160644531
9.942054748535156e-05
0.0008912086486816406
0.00041294097900390625
0.000576019287109375
0.0006058216094970703
0.0005657672882080078
0.0008819103240966797
0.0007526874542236328
0.0012450218200683594
