0.0001442432403564453
0.002014636993408203
0.0009598731994628906
0.0010800361633300781
0.001596212387084961
0.001882314682006836
0.0017011165618896484
0.0005879402160644531
0.002414226531982422
0.0006403923034667969
0.0020067691802978516
0.001398324966430664
0.0004696846008300781
0.0009708404541015625
0.004532575607299805
0.001447439193725586
0.0014271736145019531
0.00016760826110839844
0.0020897388458251953
0.0018961429595947266
0.0018911361694335938
0.002043008804321289
0.0001838207244873047
0.001646280288696289
0.001598358154296875
0.0008089542388916016
0.000171661376953125
0.002346038818359375
0.002729654312133789
0.0008065700531005859
0.0013377666473388672
0.0018939971923828125
0.0021305084228515625
0.002373218536376953
0.0020711421966552734
0.00040841102600097656
0.0010612010955810547
0.0016820430755615234
0.0019664764404296875
0.001990079879760742
0.0012905597686767578
0.0020928382873535156
0.0012745857238769531
0.0016493797302246094
0.002891063690185547
0.0012969970703125
0.002022266387939453
0.0012044906616210938
0.0023300647735595703
0.0009891986846923828
0.0015947818756103516
0.001994609832763672
0.0016450881958007812
0.00010204315185546875
0.0001399517059326172
0.0007543563842773438
0.001598358154296875
0.00031185150146484375
0.0005717277526855469
0.0011713504791259766
0.0019407272338867188
0.0014331340789794922
0.0001735687255859375
0.0020203590393066406
0.0019083023071289062
0.002074718475341797
0.0015118122100830078
0.0004353523254394531
0.0024368762969970703
0.0017480850219726562
0.0013110637664794922
0.00025177001953125
0.0005209445953369141
0.0020148754119873047
0.0017354488372802734
3.910064697265625e-05
5.1975250244140625e-05
0.00019860267639160156
0.0019233226776123047
0.0009908676147460938
0.0019021034240722656
0.0021131038665771484
0.001188516616821289
0.0001533031463623047
0.0016989707946777344
0.0016772747039794922
0.002353191375732422
0.0006763935089111328
0.00042319297790527344
0.0026407241821289062
0.0004820823669433594
0.0015292167663574219
0.0006072521209716797
0.0015778541564941406
0.0006432533264160156
0.0009684562683105469
0.001313924789428711
0.0017461776733398438
0.0001990795135498047
0.0006628036499023438
0.0011932849884033203
0.0002193450927734375
0.0006000995635986328
0.0013608932495117188
0.001329660415649414
0.00024890899658203125
3.218650817871094e-05
0.0024476051330566406
0.0004894733428955078
0.0013852119445800781
0.0003619194030761719
0.0022127628326416016
0.0007066726684570312
0.0005228519439697266
0.001107931137084961
0.0015816688537597656
0.002088308334350586
0.002322673797607422
0.0020055770874023438
0.0005171298980712891
0.0004203319549560547
0.00043201446533203125
0.0013270378112792969
0.0004570484161376953
0.00150299072265625
0.001026153564453125
0.0005962848663330078
0.0017490386962890625
0.0010814666748046875
0.0013682842254638672
0.0016243457794189453
0.0014653205871582031
0.0013735294342041016
0.0021500587463378906
0.0014660358428955078
0.00010752677917480469
0.001201629638671875
0.000637054443359375
0.001031637191772461
0.000553131103515625
0.0012764930725097656
0.0019562244415283203
0.0013396739959716797
0.0006542205810546875
0.0013833045959472656
0.002771139144897461
0.0012099742889404297
0.001222848892211914
0.0008137226104736328
0.0018875598907470703
0.00013637542724609375
0.0005269050598144531
0.0001354217529296875
0.0012021064758300781
0.0009145736694335938
0.0006842613220214844
0.0003867149353027344
0.0006208419799804688
0.0002295970916748047
0.0013172626495361328
0.002033710479736328
0.0016739368438720703
0.00023603439331054688
0.002089977264404297
0.0013723373413085938
0.0008263587951660156
0.0015840530395507812
0.0003113746643066406
0.0005328655242919922
9.393692016601562e-05
0.0018436908721923828
0.0010726451873779297
0.0020456314086914062
0.0022013187408447266
0.0023016929626464844
0.0012340545654296875
0.0015118122100830078
0.0022935867309570312
