50,36,40,35,39,17
7,21,14
41,53,45,50
2,54
9,59,19
44,9,16,7,21,63
13,16,7,40,50,38
59,19,36,40,35
15,61,9,59
51,24,11,57,34
16,7,21,32,42
21,4
18,63,29,48
40,44,30,32,10,11,58
7,49,57,31
38,54,50,20,2
46,32,10,11,57
13,16,7,21,63,29,48
64,7,40,35,39,17
15,61,9
46,18
17,26,22
64,7,12,25
53,32,10
15,61,9,16,7,21,44
55,54,16,7
41,53,32,10,11
2,30,32,10,40,50,20
13,16,7,21,28
26,29,48
25,56,51,24
28,42,60,56
50,20,54
43,18,63
32,10,40,44,30,56
16,7
53,22
46,18,9,16,7,21,28
27,46,32,10,40,44
19,8,1,44
24,11,57,52,59,19,23
15,61,9,38,18,26
46,32,10,11,57,52
34,10,21,28
41,53,32,10,40,35
7,43,18,26,5,4
4,44
4,7,12
17,61,10,11
63,29,48,27
53,22,38
49,32,10,40,44,9,16,7
8,1,44,30,32,42,64
55,60,56,50,20,2
32,10,46,47
8,1,44,30,56,52
3,16,7,49
27,46,32,42,19,23
53,45,52
1,44,30,32,10,46
17,61,36
48,27,50
37,21,32,10,53
2,30,56
42,19,8
55,25,44
23,64,7,21,32
43,18,9,16,7,21,44
41,53,32,10,40,35,39
47,5,4,51,24
40,44,30,32,10,11,57,34,8
35,39,17,26,5,4
19,62
50,36,10
27,46,32,10,41,51
44,30,56
36,40,54
42,16
59,19,36,40,50
8,1,44,30,56,51
23,64,7,21,14,58
57,55,60,56
33,16,7,21,14,3
61,9,30,32
33,16,7,21,28,62
12,45,32,42
16,7,21,28,13
9,38,47
57,34,10,11
40,44,9,16,7,21,28
37,21,32,42,19
44,30,56,51,6
14,58
50,20,2,30
43,18,9,38,47
62,9,16,7,21,44
6,18,11
64,7,21,32,10,53
23,64,24
16,7,21,14,3
28,13,16,7,21,32,10,53
48,34,10,41,51
32,10,11,58,12
15,55,60,56,51,6
55,25,57,34,8
12,25,44
37,2,54,64
41,18,9,16,7,49
29,26,5,16,7,12
23,64,7,21
15,55,25,57,31
44,9,38,47
13,16,7,21,32,10,11
15,61,9,16,7,21,28
5,16,7,21,15,61
52,10,46
30,32,42
33,9,59
33,16,7,49,57
12,25,44,36
40,44,30,56,51,24
15,55,39,17
55,60,63
23,64,7,21,15
5,16,25,33
46,18,9,16,7,12
43,18,9,30,32,10,41
11,57,55,39
59,19,22,38,18
5,16,7,40,50
34,10,40,50,38
16,7,40,50,20
8,1,44,9,16,7,21,14
57,55,39
61,15,55
22,30,32,10,41
3,16,7,21,44
54,50,20
2,30,48,33
54,50
3,16,7,40,50,20
14,40,44,30,32,42
17,61,15
41,53,45,52
5,16,7,21,15,22
18,9,30,32,10,53
3,16,7,21,32,10,53
58,11,57,52
39,17,61,9,30,48
53,32,42,19
36,10,46
50,38,7,21,14
45,32,10,40,44,15
23,64,7,12
64,7,21,15,61
64,7,43,18
35,29,21,14,3
34,10,53,4
43,18,11
25,57,52,59,19,22
40,50,20,13
41,18,9,16,7
33,16,7,21,32,10,41,51,24
25,57,52,6,18
21,44,9,16,7
35,39,36
39,17,61,10,27,13
26,22,38,54
28,13,16,7,21,44,30
62,9,16,7,49
56,51,6,18,9,16,7,12
57,52,21,14
64,7,43
9,16,7,12
61,10,46
27,13,16,7
6,18,26,55,60
40,44,30,32,10
4,49,32,10,41
42,19,8,1,44,9
59,19,8,1,44
42,19,22
51,6,40,44,30,32
26,55,25,57,31
47,5,16,7,21,44,30,37
21,28,13
60,56,30,32
49,32
8,1,44,9,16,7,12
42,19,57,55
17,61,9,38,47
30,32,10,27,13
14,3,16,7,49
22,38,18,26,5
29,32,10,41,51
1,44,9,16,7,21,63
15,61,10,11,58
41,53,32,10,40,44
36,40,44,9
56,30,32,10,27
4,49,57
1,44,30,32,10,41
42,19,22,38,54
7,21,14,58
47,5,16
60,56,51
32,10,41,18,26,5
27,46,32,10,11,25
5,16,7,21,32,10,53
7,21,44
40,50,38,18,26,5
62,38,3
10,11,57,55
42,19,36,40,35
63,29,46,47
42,19,22,38
28,58
59,19,57,31,13
55,60,26,22
53,32,10,40,44,9,16,7
1,44,30,32,10,40,50
42,19,43
16,7,40,50,20,2
6,18,11,57
49,32,10,53,2
32,10,41,51,24
53,29
37,40,43
34,10,11
59,19,57,52,17
59,19,22,38,18,63
5,16,7,43,18,26
17,61,9,16
62,9,59
58,12,25,44
51,24,20,2
15,55
60,56,30,32,10,40,35,39
27,24
6,18,11,57,31
47,5,16,7,21,32,10,27
2,57,34
56,51,6,18,26,55,60
1,44,15,22
30,32,10,40
27,46,32,10,11,1
60,56,30,32,42
13,16,7,49
28,42,19,8,1
6,18,9,38,54,64
49,32,10,11,58,12
47,5,16,7,21,28,62
52,21,32
31,15
58,12,45,32,10,40,35
22,30,56,51,6
17,61,10,41
20,54,16,7,21
3,6,18,9,38
12,25,57,31,13
41,53,22
12,45,32,42,19
43,18,9,38
39,17,61,9,30,37
10,11,57
14,11,57
19,8,1,44,9,16
2,30,32,42,19
20,48,34,10,11
21,32,10,41
11,57,55
10,53,2
62,9,16,7,43
34,10,41,51
40,44,15,22
29,26,5,16
57,52,21,14,3
32,10,53,2
22,30,32,10,40,35,39,17
3,6,18,26,55
20,2,30,32,42
13,47,5
62,38,18,63
51,6,18,9
42,64
33,16,7,21,15,61
43,18,26,55
56,51,59
24,11,10
48,34,8,1,44
39,17,61,10,41,51,6
4,51,6,18,26,22
25,57,34,10,53,45
33,16,7,21,15
20,48,34,10,11,25
28,42,19,8
44,30,56,51
45,32,42
64,29,48,33
38,7,21,28
54,50,38,18
25,56
47,5,16,7,40,35,39
48,34,10,53
36,40,54,64
46,35,39,17
38,18,26,55,39,17
19,22,30,32,10,11,25
51,6,18,63
23,64,7,43
14,3,6,18
64,7,40,50,20
58,12,45,32,10,46
61,9,38,18,26
49,32,10,53,4
5,16,7,49,57
12,45,50,38,18
29,21,63
11,10,53
63,29,46,18
42,19,62
62,9,30,32,10
4,51,59,19,23
11,10,41,18,26
41,53,32,10,11,57,37
20,2,57,52
58,38
23,64,7,40,35,39,17
11,25,44
34,10,11,58
25,44,15
30,32,10,40,35,39,17
8,1,44,30,37
5,16,7,21,32,10,41
7,21,32,42
47,5,16,7,21,32,42
16,7,21,28,62
4,44,30
40,44,30,32,10,53
8,1,44,15,22
14,29,48
30,32,10,41,18,26,5
27,39
36,10,11,57,34,8
53,55,60,56
39,17,61,9,59,19,23
10,27
13,16,7,21,14,58
39,17,26,22
53,2,18,26
48,27,46,35
2,30,32,10,11,25
9,38
9,16,7,21,8
11,25,44,30
47,5
14,29,48,34
50,36,10,41,51
57,34,8,1,44,30
15,61,9,16,7,21
61,9,38,29
41,53,32,10,46
56,30,32,42
56,52,21
60,56,51,59,19,8
30,32,10,40,50,20
32,10,11,25,48
30,32,10,40,50,38
44,30,32,42,64
37,21,14,58
44,9,38,18,26
39,17,61,10,40,35
34,10,41,51,6
5,16,7,21,44,30,56
19,51,6
8,1,44,9,38,54
5,16,7,21,32,10,27
48,34,10,11,57
22,38,29
29,21,14,58
18,11,25
64,7,21,32,10
31,30,32,10,11
58,38,47
16,7,21,63,29
35,39,17,61,10,53,2
40,35,29
42,19,22,30,32,10,46
41,53,29,48
33,16,25
11,57,52,6,47
6,40,35,39,17
21,63,29
38,54,50
20,54,16,7,21,28
38,18,26,5,4,51
27,46,18,63,29
60,56,30,32,10,40,44,15
29,32
35,39,17,61,9,38
47,5,16,7,49,36
23,64,7,21,44,30,56
40,44,15,55,60
13,16,7,12
22,30,32,10,40,50
58,2,30,56,51,6
63,29,26
25,44,36
26,22,30,32,42
9,30,37
32,10,41
18,26,5,4
26,45
1,44,9,16,7,12
41,53,55,60,56
49,57,31
15,61,9,38,47
29,21,28
13,16,7,49,57,31
52,10,11,57
48,34,10,40
44,9,16,7,12
25,57,34,10,53,4
60,26,5,16,7,49
37,25,57,52
19,57,52,17
9,38,54,62
47,50,20,2
59,19,57,37
6,40,44,36
47,5,16,7,43,18,26
20,48,34,10
1,44,30,32,10,11,57,31
38,18,9,30,32,10
43,18,26,55,39,17
40,50,38,18,63
57,29,48,33
1,44,9,38,54
55,60,56,51,3
2,30,32,10,40,44
53,32,10,62
13,16,7,21,44,30,56
53,32,10,40,44,9
61,9,30
35,25,57
54,56
17,61,9,30,32,42
42,19,57,37
4,49,36
50,38,7,21,28
59,19,8,1
5,16,7,21,15
51,6,18,26,22
9,30,32
49,32,10,41,18,26
45,32,10,11,57
20,54,50
24,11,10,46
31,13,47
21,32,42,19
31,30,32,10,46
9,16,7,21,14,3
59,19,22,30,32,10
7,21,32,10,27
45,32,42,19,22
11,1
20,54,55
49,32,10,40,50
58,2,30,56,51
21,15,22
64,7,49,57,55
30,32,42,19,23
56,50,38
53,45
33,16,7,21,15,22
54,50,38,18,26,22
26,22,30,32,42,19
10,41,18,26,5
43,18,26,5,4,51
12,45,32,10,41
35,39,17,61,10,40,50,20
5,16,25
2,18,26,55
49,57
47,25,57,52
61,10,27,13
12,45,32
16,7,21,15,22
57,34,8,1,44,9,16,7,49
10,46,47
22,30,56,51,59
9,38,18,26
58,2,18,26
59,19,15
14,40,50,38
46,18,9,16,7,21
19,22,30,32,10,53
36,40,43
32,10,41,18
44,30,32,10,27,13
59,19,62
21,44,30
21,15
23,64,7
37,40,50,20
18,9,16,7,21,14
22,38,7,21,14
24,11,57,52,59,19
21,14,40,50,20
28,13,16,7,21,14
13,16,7,43
29,19
57,34,10
38,7,21
18,26,43
26,29,48,33
41,53,22,30
48,27,39
2,18,9
42,19,36,40
23,64,7,21,14,52
51,6,40,43
46,18,63,29,48
12,25,57,52,17
31,38,18,26,5,4
24,36
2,18,63
4,51
35,39,17,61,10,41,51,6
25,33,16,7,12
14,3,6,47
47,5,16,7,49
14,40,44,30,37
43,18
43,18,9,16,7,21,28
54,64,29
26,5,16,7,49,36
5,4,51,24
41,53,32,10,62
60,56,30,32,10,11,57
64,7,21,44,30
36,40
18,9,16,7,21,14,3
15,61,36
24,11,25,21,14,3
58,11,1
30,32,10,21,14
60,56,51,24
21,44,9,16,7,49
16,7,40,35,39,17
21,14,39
6,18,9,16,7,49
40,44,30
17,61,9,59,19,23
48,34,10,41,51,6
47,5,16,7,21,32,10,46
46,47
38,29,48,27
20,54,50,36
3,16,7,49,57
4,1
45,32,10,40,44,9,16,7,49
55,60,56,30,32,10,11,58
64,7
6,18,9,38,54
31,13,16,7,40
55,60,56,51,59
19,22,38,47
53,4,49
24,36,62
57,52,17,61
13,16,7,21,32
21,14,3
18,9,30,32,10,41
48,33,16,7,43
46,18,63,29
23,64,7,21,28,13
27,54,62
10,62
62,9,30,48
50,38,7,21
31,38,54,50
12,25
62,9
33,16,7,21
59,19,23,64,7,21
24,44,30
57,52,59,19,23
43,18,9
39,17,26,29
24,11,57,34
4,51,6,47
26,5,16,7,21,14
37,21,14
31,38,3
51,6,18,63,29
5,8
54,16,7,21,63
51,6,18,9,38
34,10,27,54,64
37,2
38,7,21,8
34,10,11,57
57,34,10,46
44,30,48
51,6,40
29,21,14,40,50
50,36
31,57,52
52,10,53,45
18,11,57,52
56,30,32,10,11,57
49,32,10,40,50,38
35,29,48,27,13
22,30,32,10,46
20,48
44,30,32,10
38,54,45
38,18,11
40,44,30,32,10,11,1
40,44,36
4,51,24,11,25,33
19,51,59
4,51,3
29,32,10,11,57,31
55,60,56,30,32
63,11,25,56
31,30,32,10
57,55,60
46,18,26
60,56,51,6,18
11,10,62
5,8,1
6,18,9,16,7,12
9,16,7
41,53,29
49,32,10,41
58,11,57,52,17,61
56,51,6,18,26,5,4
46,18,9,38
12,25,48
61,10,53,45
37,25,33
62,9,16
28,13
45,32,10,21,14,3
37,21,28,62
36,40,44,15,61
51,24,11
3,16,7,21,14
9,30,32,10,46
30,32,10,11,57,34
17,61,10,53,45
45,32,10,11,1
57,55,24
46,32,10,40,44,36
15,55,24
28,42,19,23
56,51,6,18,26,22
52,10,11,57,34
4,49,57,55
11,10,41,51
39,17,61,9,38,18
13,16,7,21,8,1
2,30,32,10
14,40,50,20
43,18,26,5,4
30,32,10,40,44
15,61,9,30,32,42
48,27,46,18,26,5
34,10,11,25,48
8,60
47,5,16,7,21,44,30,56
10,40,35
58,11,57,34
2,57,31
49,32,10,27,54
45,32,10,53,4
29,32,10
40,44,9,16,7
1,44,15,55,60
60,56,52,21,14
62,9,16,25
30,32,10,62
53,45,52,59
22,30,32
17,61,10,11,58
51,24,58
2,5,16,7,49,36
17,61,10,11,25
55,25,21
55,60,56
23,64,7,21,32,42
31,55,60
58,12,45,50,20
52,17,26
10,40,44,9
60,56,51,59,19,8,1
28,42,64
40,44,30,32,10,53,45
10,40,44,30
61,10,11
46,18,9,30
61,10,40,35,39,17
50,38,18,9,16
45,32,10,11,57,34
7,49,57
34,10
38,18,9,16
12,25,57,37
19,22,30,32,10,46
7,21,32,10,53
10,27,54,64
42,19,22,38,18,63
1,44,30,32,10,27,13
19,57,34
42,19,22,38,18,26,5
10,53
60,56,50,20,54
21,28
2,30,32,10,53
64,7,21,28,62
9,16,7,40,50
51,24,11,57,37
22,30,32,10,27
42,19,57,37,2
15,61,9,16,7
34,8,1,44,15,61
13,16,7,21,32,10,53
57,52,59
45,32,10,40,44,9,16,7
48,33,16,7,12
17,61
13,16,7,12,45
14,11,57,31
54,16,25
2,30,32,10,11
22,38,7,49
9,16,7,21,8,1
1,44,9,38,18
51,6,18,9,16,7,12
47,31
53,29,21,14,3
33,16,7,21,44,30
15,61,10,11
38,18,9,30,56
10,40,50,20
46,32,10,11,57,31
11,10,40,35
14,40,54
29,21,44,30
37,9
59,19,22,38,3
17,61,9,30
29,26,5,16,7
14,3,6,18,26,5
34,10,11,57,55
49,32,10,40,44,15
8,20
56,50,20,54
44,30,56,51,24
55,60,56,30,32,42
59,19,43
17,61,9,16,7,21,8
10,53,45
50,38,18,26
25,57,34,10,41
52,21,44,30
8,1,44,30,32,10,40,35,39,17
64,7,40,35
31,30,32,10,41
50,20,37
7,21,32,10,41,51
39,17,61,10,11,57,31
8,1,44,30,48
41,53,29,21,28
60,56,50,20
6,18,26,55
20,2
48,34,10,41
31,30,32,10,53
40,44,30,56,51,6
58,11,57,31
34,8,1,44,30,32
15,55,25
43,18,63,2
23,64,7,21,63,59
46,32,42,19,23
61,9,59,19,23
64,7,21
28,62,38
43,18,11,57,34,8
63,29,21,44,9,38
15,61,9,38,54,64
44,30,32,10,11,1
20,19,23
55,60,56,52
44,30,32,10,40,50,20
9,16,7,21,28,13
57,29
46,18,9,16,7,49
33,16,7,40,50,20
4,49,57,55,60
63,29,32,10,41,51
52,59,19,23,64
5,4,51,59
50,38
43,18,9,30,32,10,46
17,61,9,30,56
51,24,20,48,27
36,40,44,30
15,61,9,30,32
28,13,16,7,21,15
50,20,13
31,38,18,26
51,6,18,9,16,7,21,28
13,16,7,21,14,3
46,32,10,53
9,16,7,40,35,39
48,34
39,17,61,10,46
59,19,22,30,32,10,11,25
37,21,15,61
36,40,50,38,18,26,5
21,14,40,50
37,9,16,7,12
64,23
58,37
43,18,9,16,7,21,14
62,38,54,50
29,46,18
48,27,39,17
52,17,61,9,16,7,12
33,16,7,21,32,42,19,23
50,36,40,44
57,52,17
40,44,15,61
20,54,16,7,21,14
21,8
20,54
59,19,57,55,60
7,40,54
33,16,7,43
44,9,16,7,21,14
48,34,56
31,30,56
54,57,31
57,34,8,1,44
16,7,21,32
7,49
47,5,16,7,40,35,39,17
50,20,48
20,54,16,7,43
44,30,32,10,11,58
30,56,51,24
35,29,48
26,5,16,7,40,35
25,20,54
32,10,21,14
4,49,57,52
38,18,11,57,31
16,7,21,32,42,19,23
13,16,7,21,32,10,41,51
16,7,21,15,61
13,16,7,21,8
24,11,57,52
61,9,16,7,49
3,6,18,26,5,4
