54,50,34,48,15,28
52,26,27,17,39
31,14,56,47,24,4,46
47,24,36
31,14,56,10,17
42,43,9,22,29
34,48,19,53
62,17,48,41,29,46,33
64,34,38,31
36,15,42,43,9,54,63
29,46,33,37
10,17,48,41,29,46,33
25,58,9,56,10
60,25,58,9,56,47
44,23,5
10,17,48,41,40
30,25,58,24
43,9,22,55
2,34,48,15,28
22,52,49,5,11,48
28,27,17,12
59,47,2,34,9,22
28,27,38,31
45,61,10,17,48,41,40
51,60,61,10
32,26,27,38,31,14
22,52,49,5,11,48,41,40
31,14,56,47,1,55,39
28,27,17,48,41
48,41,9,56
45,61,10,50,34,9
5,11,42,43,9,56,47,24,4
40,44,23,11,45
3,58,9,57
5,31,14
23,42,43,9,54,63
16,8,21,15
40,44,23,11,48,19
43,9,22,52,49,5,11,45,61
54,50,34,9,22,52,49,5,11,45
35,32,26
3,46,33
51,43,9,22,52,26
43,9,37
4,11,48,6
30,25,58,15,42,44,23
25,58,24,4,63
19,29,46,16
3,27
40,61,28
56,47,24,4
20,2,7,13
52,53,38
33,64,2,51
10,50,34,9,56,47,24,59
16,64,34,48,41,29,46,33
5,11,48,19,23
37,26,27,64
32,16
24,4,62
52,49,12
56,47,24
59,47,24
27,17,48,41,40,35
24,30,38
12,35,55,39
8,21,53,38,64
11,42,43,9,56,47,2,7
31,38,48
28,27,38,31,14,56,47,24,30
12,35
64,34,9,22,42,44
41,40,44,23
46,33,9,22,52
55,26,58
37,52,49,62
63,41,9,22,42,43
32,26,58,9,22,36
64,2,7
31,14,20
27,38,31,14,49,5
33,30,25,16
61,10,50,34,9,54
7,13
35,9,54,50
48,41,9
50,34,48,41,29,46,33,30
8,21,15,28
2,34,48
41,40,62
12,56,47,24
9,22,52,49,12
7,40,35,32,20
38,31,14,56,47,24
27,64,2,7,13,8,21
58,9,22,52,49,5,11,48,19
35,48,19,53
51,20,2,7,13,8,21
22,29,46,33
25,58,9,56,31,14
64,2,7,13,8
60,35,55,11
55,26,27,64,2
48,10
31,14,56,47,24,4
1,55,26,7
53,41
15,42,43,9
64,34,9,56,47
32,26,58,9,37
28,27,38,31,14,56,47,24,4
54,50,34,38,31,14
12,11,42
10,30,8,21
