0.0006723403930664062
0.0005972385406494141
0.00039386749267578125
0.0005180835723876953
0.0006399154663085938
0.0002541542053222656
0.0003044605255126953
0.00016498565673828125
0.00020074844360351562
0.0004968643188476562
0.0005266666412353516
0.00021648406982421875
0.0005681514739990234
0.00036215782165527344
0.00013685226440429688
0.00013303756713867188
0.0001010894775390625
0.00025653839111328125
0.0006189346313476562
0.0002193450927734375
0.0008213520050048828
0.0002028942108154297
6.175041198730469e-05
0.00022101402282714844
0.000457763671875
0.0002963542938232422
0.0003731250762939453
0.0006859302520751953
0.0001895427703857422
0.00030684471130371094
0.00011277198791503906
0.0005500316619873047
0.0002734661102294922
0.0005240440368652344
0.0002753734588623047
0.0006120204925537109
0.0001308917999267578
0.0004024505615234375
0.00037670135498046875
0.0003771781921386719
6.818771362304688e-05
0.0001957416534423828
0.0002567768096923828
0.0005545616149902344
0.0005452632904052734
0.0005044937133789062
0.0003802776336669922
8.177757263183594e-05
0.00019812583923339844
0.0005676746368408203
0.0002377033233642578
0.00013637542724609375
0.00016427040100097656
0.00041031837463378906
0.0005557537078857422
0.0003638267517089844
0.000385284423828125
0.0005648136138916016
0.0009996891021728516
0.0004291534423828125
0.00047779083251953125
3.337860107421875e-05
3.409385681152344e-05
0.0005402565002441406
0.0006914138793945312
0.0005879402160644531
0.0004169940948486328
0.00038242340087890625
0.0003230571746826172
0.00038552284240722656
8.273124694824219e-05
0.00035881996154785156
0.0003345012664794922
0.0002646446228027344
4.601478576660156e-05
0.0005586147308349609
0.00032067298889160156
0.000507354736328125
2.9325485229492188e-05
0.00043773651123046875
0.0003390312194824219
0.0004930496215820312
0.00011873245239257812
1.6927719116210938e-05
0.0002422332763671875
0.00012230873107910156
0.00036406517028808594
0.0004253387451171875
0.00014734268188476562
0.00046563148498535156
0.0004138946533203125
0.0004267692565917969
0.0004987716674804688
0.00015974044799804688
0.0004355907440185547
0.0005953311920166016
0.0001418590545654297
0.0007112026214599609
0.0001709461212158203
0.00042557716369628906
0.00012040138244628906
0.0005352497100830078
0.0004951953887939453
0.0005578994750976562
0.0002493858337402344
0.0003857612609863281
8.916854858398438e-05
5.2928924560546875e-05
0.0002570152282714844
0.0009853839874267578
0.00045037269592285156
0.00017142295837402344
0.00010395050048828125
0.0004401206970214844
