0.00032448768615722656
0.0004000663757324219
0.000324249267578125
0.0002071857452392578
0.0003674030303955078
0.0002384185791015625
0.00016999244689941406
0.00015497207641601562
0.00018453598022460938
0.0002429485321044922
0.00023484230041503906
0.00021266937255859375
0.00031447410583496094
0.000255584716796875
6.437301635742188e-05
0.0001087188720703125
0.00013136863708496094
0.00014543533325195312
0.00031495094299316406
0.00024509429931640625
0.00020241737365722656
0.00021719932556152344
7.486343383789062e-05
0.00017833709716796875
8.797645568847656e-05
0.0003132820129394531
0.000385284423828125
0.00020432472229003906
0.00016951560974121094
0.00021767616271972656
0.00012063980102539062
0.00028133392333984375
0.0001494884490966797
0.00014662742614746094
0.0002052783966064453
0.00027632713317871094
0.0002129077911376953
0.0003209114074707031
0.00026726722717285156
0.00016951560974121094
0.0001533031463623047
0.000270843505859375
0.00025272369384765625
0.00010347366333007812
0.0002238750457763672
0.0002503395080566406
0.0001475811004638672
9.083747863769531e-05
0.0003032684326171875
0.00026607513427734375
6.461143493652344e-05
0.00015091896057128906
0.00012493133544921875
0.0002846717834472656
0.00033855438232421875
0.00038242340087890625
0.0001659393310546875
0.0003657341003417969
0.00041174888610839844
0.00018167495727539062
0.00028443336486816406
7.295608520507812e-05
5.9604644775390625e-05
0.0002532005310058594
0.0003669261932373047
0.00038814544677734375
0.00023508071899414062
0.0002853870391845703
0.00028896331787109375
0.0002722740173339844
0.0004930496215820312
0.00029277801513671875
0.00016069412231445312
0.0002589225769042969
8.249282836914062e-05
0.00022363662719726562
0.00019311904907226562
0.00025582313537597656
5.269050598144531e-05
0.00030159950256347656
0.000213623046875
0.0005927085876464844
0.0001316070556640625
3.24249267578125e-05
0.0001773834228515625
0.00021600723266601562
0.00025391578674316406
0.00013136863708496094
0.00019693374633789062
0.0001952648162841797
0.00032258033752441406
0.00011515617370605469
0.0003027915954589844
0.00010633468627929688
0.0001506805419921875
0.0002663135528564453
0.00011181831359863281
0.00028967857360839844
0.0005514621734619141
0.00029587745666503906
0.00012922286987304688
0.00032806396484375
0.00028324127197265625
0.00041222572326660156
0.00010728836059570312
0.0002498626708984375
0.00011801719665527344
7.82012939453125e-05
0.0001761913299560547
0.0003020763397216797
0.0001697540283203125
0.0001819133758544922
6.341934204101562e-05
0.0002741813659667969
