0.0,0.0,0.7939347908233485,0.39831957928043404,0.3198278479075437,0.09202743908044686,0.0,0.4265308444931928,0.5463890029114163,0.03432498063009504,0.0,0.10307269085631032,0.5848773526339868,0.0,0.4501950231798568,0.6092608198126582
0.21462892348956353,0.3347845761935988,0.4762963861338171,0.0,0.17896850089335836,0.9250686916947668,0.0627743004123189,0.0,0.9357381867903373,0.7042783494150158,0.8177464572788624,0.0,0.0,0.0,0.0,0.0
0.0,0.5968888418641648,0.0,0.0,0.3842504823246775,0.0,0.069602590396598,0.0,0.00985896806752773,0.02895794948963415,0.728605340712795,0.0,0.3800717421091895,0.6452016265851495,0.0,0.0
0.0,0.6474666088039477,0.725860729624221,0.17236589890477627,0.0,0.0,0.0,0.7279007765703133,0.08720995934690468,0.0,0.0,0.0,0.1594030499795802,0.87259510042749,0.0673257435052842,0.7793070983615786
0.0,0.6281069965896517,0.8677181461370742,0.0,0.0,0.0,0.8075374674392811,0.0,0.6933967374746843,0.7758080143349081,0.8711417271718994,0.0,0.0,0.2464981278071885,0.3373483071753297,0.0
0.0,0.0,0.0,0.0,0.0,0.0,0.0,0.3577983898784962,0.0,0.0,0.3902837438218635,0.0,0.905484313756065,0.0,0.0,0.10682110771152087
0.7025312170916354,0.2513282282099487,0.0,0.0,0.0,0.8674338275074913,0.5940082424637658,0.0,0.45005248445337254,0.6754547406459133,0.0,0.9821770234812928,0.28763375574952943,0.9495483887804677,0.7597697019355143,0.0
0.22460039608266436,0.0,0.0,0.0,0.5231603736570152,0.6535067733332813,0.0,0.20509508499743145,0.0,0.9650073843882768,0.41973915677477547,0.0918618988915123,0.0,0.24417055423174494,0.0,0.5149700196722673
0.0,0.4166829805425959,0.6065429628464737,0.0,0.0,0.5695686921982142,0.0,0.0,0.6396078992983616,0.1566208687078242,0.0,0.8245385542952934,0.7250538944649313,0.006975467930129264,0.0,0.0
0.0,0.19826733697503973,0.7003280420206497,0.0,0.0,0.061794333589934025,0.0,0.5957605271009132,0.0,0.4484462728117049,0.1338376006919535,0.0,0.8787857893754607,0.4062341502723332,0.0,0.4894577287308479
0.35277604400184703,0.0,0.0,0.0,0.6034088574057483,0.0,0.0,0.3064343398831273,0.0,0.0,0.9143962184896616,0.0,0.8907864038996889,0.0,0.9107760699903844,0.0
0.0,0.84882999061726,0.8878892305839786,0.10339472970480612,0.27272637824457413,0.0,0.9032241965205839,0.039413788626439294,0.4670463014031657,0.2777985947291739,0.0,0.6366228908115763,0.0,0.41707992254832815,0.0,0.0
0.14370825552150845,0.0,0.7191714364434547,0.0,0.0,0.0,0.0,0.7960044927864117,0.6080740917622471,0.0,0.0,0.6112240884523856,0.0,0.11429767704442095,0.0,0.0
0.0,0.0,0.0,0.0,0.2941649537441522,0.7079177312482914,0.4085515341823909,0.1945001054151333,0.0,0.0,0.014844444498648635,0.5489987868821271,0.0,0.0,0.8883245293572769,0.0
0.0,0.0,0.6058497190003076,0.0,0.05865025924852851,0.0,0.037875729378676115,0.0,0.9796319576921745,0.0,0.0,0.0,0.0,0.10202218137547137,0.8708469947373966,0.30472808166079723
0.0,0.0,0.0,0.46134370067176644,0.0,0.4433162287731277,0.0,0.01388641914901656,0.026666179842465665,0.0,0.0,0.0,0.3303343771897751,0.01442351993885771,0.0,0.0
