16,8,12,4,15,7
7,13,1,12,4,15
4,9
7,13,1,6
8,1
2,1,6,16,9
15,5
11,8,12
14,5
8,1,6
12,4,13
14,8,12,4
16,8,12,4
14,8
3,7
4,9,10,6
6,16,8,12,4
15,16
16,8,12,4,15
9,10
15,16,9,10
11,1,6
14,11,1,10
7,13,14,11
16,9,10,6
6,16,14,11
6,16,14
4,15,5
5,14,11,1,10
5,14,8
8,12,4,15
4,13
7,13,14
2,5,14
8,1,6,16
11,1,6,16
7,13,1,10
6,16,9,3
1,12,4,15
6,16,8
7,13,1,12
9,14,8
13,14,11
6,16,13
16,8
15,7,13
15,14,8,12
5,15,7,2
11,8,12,4
2,1,12
4,15,7
1,12,4
12,4,15,7
11,8,12,4,15,7
7,13,1,12,8
12,4,9
11,1,10,2
13,1,6,16,9
5,15,7,13
15,16,9
10,6,16,9
5,14,11,1,6
14,8,12,4,15,3
4,9,14,8,12
1,10,2,7
1,10
9,14,7
1,6,16,9
14,8,12
9,10,6
7,2,3
10,2,5
3,10,2
2,1,12,4
12,4,15,5
5,15
14,11,1,10,2
6,16,8,1
9,14,8,12,4,13
12,4,9,14
12,4
4,9,14
8,14
2,5
10,6,16,8,12
8,1,10,2
8,1,10
2,1,12,4,15
1,10,2,3
6,16,8,12,4,15
12,10,6,16
15,14,8
13,1,10
2,7,13
3,9,14,8,12,4,15
16,14,5
15,16,9,10,6
7,13
5,3
15,14,8,12,4
3,9
10,6
13,1,10,2
2,1,6,16
12,4,15
4,9,14,8
15,14,11
8,12,4,15,3
3,9,14,8,12
7,13,1
5,14,11,1
10,6,16,8
6,16,8,12
14,7
15,3
4,15,7,2
12,8,1
1,6
9,14,8,12,4,15
12,10,6
6,16,9,10
1,6,16
11,5
1,6,16,14
9,14,8,12
13,1,12,4,15
10,6,16,13
10,2,3
8,12,4
4,15
5,14,8,12
5,14
3,10,6
6,16,9,10,2
3,7,13
5,14,11
12,10
13,14,5
11,1
16,8,1
15,14
3,10
4,15,3
12,4,9,14,11
6,16,8,12,4,15,7
5,15,16,9
5,15,7
4,9,14,11
10,6,16
10,6,16,8,12,4,15
4,15,16
10,2,7
10,6,16,14
8,12,4,13
13,1,12,4
16,14
3,9,14,5
14,11
2,3
14,11,1
1,12,4,13
9,14,5
7,2
9,3
14,11,1,6,16
13,1,12,8
1,10,2
11,8
3,10,6,16
2,1,12,8
7,13,1,6,16
13,14
4,9,10
15,7
2,1,6
3,9,14,11
8,14,11
1,5
3,9,14,8
2,1,10
11,8,12,4,15
10,11
14,8,12,4,9
14,11,1,6
10,2
16,9,3
16,14,11
6,16,9
12,8
10,6,16,8,1
11,1,10,2,3
12,4,15,7,2
10,6,16,8,12,4
5,14,8,12,4
11,1,10
16,9,10
9,10,6,16
2,1,10,11
16,9,10,2
15,7,13,1
9,14,11
12,4,15,3
7,13,1,12,4
16,8,12
1,12
14,8,12,4,15
11,1,6,16,9
13,3
8,12,4,9
15,7,2
9,14
9,14,11,1
13,1,6
6,16,14,5
11,8,12,4,13
13,1,10,2,7
1,10,11
4,13,1
7,9
8,12,4,15,5
6,16
5,15,16
14,8,12,4,13
9,14,8,12,4
1,12,8
16,9
13,1
13,1,6,16
