7.510185241699219e-05
4.9591064453125e-05
2.7418136596679688e-05
5.245208740234375e-05
6.413459777832031e-05
5.1021575927734375e-05
2.1696090698242188e-05
1.811981201171875e-05
3.337860107421875e-05
3.886222839355469e-05
2.3365020751953125e-05
2.3603439331054688e-05
3.647804260253906e-05
2.5272369384765625e-05
3.504753112792969e-05
4.6253204345703125e-05
2.2649765014648438e-05
4.4345855712890625e-05
3.0517578125e-05
2.8848648071289062e-05
5.078315734863281e-05
3.0040740966796875e-05
4.076957702636719e-05
3.552436828613281e-05
3.790855407714844e-05
3.0517578125e-05
2.6226043701171875e-05
2.002716064453125e-05
5.030632019042969e-05
4.124641418457031e-05
2.1696090698242188e-05
1.9311904907226562e-05
3.075599670410156e-05
5.7220458984375e-05
4.4345855712890625e-05
3.123283386230469e-05
3.886222839355469e-05
3.1948089599609375e-05
2.7418136596679688e-05
1.8358230590820312e-05
4.267692565917969e-05
3.552436828613281e-05
1.8835067749023438e-05
3.9577484130859375e-05
1.52587890625e-05
3.3855438232421875e-05
4.744529724121094e-05
3.838539123535156e-05
2.574920654296875e-05
3.0040740966796875e-05
1.9788742065429688e-05
2.8371810913085938e-05
3.218650817871094e-05
4.363059997558594e-05
4.744529724121094e-05
3.647804260253906e-05
3.457069396972656e-05
4.1484832763671875e-05
3.790855407714844e-05
5.245208740234375e-05
2.9087066650390625e-05
5.793571472167969e-05
4.839897155761719e-05
0.00018167495727539062
5.316734313964844e-05
2.09808349609375e-05
4.5299530029296875e-05
4.553794860839844e-05
2.6226043701171875e-05
3.2901763916015625e-05
2.3126602172851562e-05
4.482269287109375e-05
3.790855407714844e-05
7.271766662597656e-05
3.0040740966796875e-05
2.7894973754882812e-05
4.220008850097656e-05
5.078315734863281e-05
4.553794860839844e-05
4.5299530029296875e-05
2.0503997802734375e-05
3.790855407714844e-05
4.1961669921875e-05
2.47955322265625e-05
3.3855438232421875e-05
3.814697265625e-05
3.218650817871094e-05
4.553794860839844e-05
4.839897155761719e-05
2.8848648071289062e-05
5.7220458984375e-05
5.14984130859375e-05
0.00017118453979492188
4.3392181396484375e-05
5.984306335449219e-05
4.1961669921875e-05
6.127357482910156e-05
2.5510787963867188e-05
2.9802322387695312e-05
4.4345855712890625e-05
1.811981201171875e-05
1.8596649169921875e-05
3.7670135498046875e-05
4.5299530029296875e-05
2.384185791015625e-05
5.555152893066406e-05
3.8623809814453125e-05
5.14984130859375e-05
5.269050598144531e-05
4.506111145019531e-05
4.9591064453125e-05
3.123283386230469e-05
2.193450927734375e-05
4.2438507080078125e-05
2.574920654296875e-05
4.410743713378906e-05
3.6716461181640625e-05
2.2649765014648438e-05
3.7670135498046875e-05
4.5299530029296875e-05
3.5762786865234375e-05
2.5510787963867188e-05
3.790855407714844e-05
4.7206878662109375e-05
4.792213439941406e-05
3.790855407714844e-05
4.506111145019531e-05
3.719329833984375e-05
2.1457672119140625e-05
1.5020370483398438e-05
4.124641418457031e-05
3.838539123535156e-05
2.9087066650390625e-05
6.175041198730469e-05
4.5299530029296875e-05
2.193450927734375e-05
4.315376281738281e-05
4.482269287109375e-05
2.9325485229492188e-05
7.295608520507812e-05
3.2901763916015625e-05
2.288818359375e-05
4.410743713378906e-05
6.127357482910156e-05
4.696846008300781e-05
5.53131103515625e-05
3.0040740966796875e-05
3.457069396972656e-05
1.8835067749023438e-05
3.8623809814453125e-05
5.555152893066406e-05
7.271766662597656e-05
6.127357482910156e-05
3.24249267578125e-05
8.940696716308594e-05
4.38690185546875e-05
5.507469177246094e-05
2.0265579223632812e-05
2.3365020751953125e-05
3.504753112792969e-05
4.792213439941406e-05
5.555152893066406e-05
1.6689300537109375e-05
3.314018249511719e-05
4.38690185546875e-05
4.363059997558594e-05
2.2649765014648438e-05
1.3828277587890625e-05
2.9325485229492188e-05
4.744529724121094e-05
5.1975250244140625e-05
1.811981201171875e-05
5.078315734863281e-05
1.7881393432617188e-05
3.9577484130859375e-05
2.8133392333984375e-05
5.054473876953125e-05
4.029273986816406e-05
5.7697296142578125e-05
3.314018249511719e-05
3.4809112548828125e-05
2.7418136596679688e-05
0.0001842975616455078
4.7206878662109375e-05
2.0503997802734375e-05
3.600120544433594e-05
2.8848648071289062e-05
2.6941299438476562e-05
2.7418136596679688e-05
3.814697265625e-05
4.792213439941406e-05
7.462501525878906e-05
4.029273986816406e-05
4.458427429199219e-05
2.86102294921875e-05
3.3855438232421875e-05
3.123283386230469e-05
5.984306335449219e-05
4.57763671875e-05
4.1961669921875e-05
2.2172927856445312e-05
3.600120544433594e-05
4.76837158203125e-05
1.8358230590820312e-05
2.6941299438476562e-05
2.8371810913085938e-05
4.673004150390625e-05
5.054473876953125e-05
3.910064697265625e-05
3.886222839355469e-05
1.811981201171875e-05
3.814697265625e-05
3.409385681152344e-05
4.5299530029296875e-05
4.124641418457031e-05
4.220008850097656e-05
5.078315734863281e-05
5.245208740234375e-05
5.745887756347656e-05
3.0517578125e-05
1.33514404296875e-05
6.0558319091796875e-05
2.9087066650390625e-05
3.62396240234375e-05
3.123283386230469e-05
2.6702880859375e-05
1.8358230590820312e-05
3.647804260253906e-05
