5.984306335449219e-05
5.1021575927734375e-05
1.33514404296875e-05
3.5762786865234375e-05
2.0265579223632812e-05
4.553794860839844e-05
1.2636184692382812e-05
2.0503997802734375e-05
1.8596649169921875e-05
3.814697265625e-05
3.552436828613281e-05
2.6941299438476562e-05
2.7894973754882812e-05
1.0967254638671875e-05
2.2411346435546875e-05
3.981590270996094e-05
3.0040740966796875e-05
2.7894973754882812e-05
3.4332275390625e-05
1.4781951904296875e-05
4.220008850097656e-05
2.3126602172851562e-05
2.86102294921875e-05
1.9550323486328125e-05
3.218650817871094e-05
2.002716064453125e-05
1.4066696166992188e-05
4.506111145019531e-05
4.00543212890625e-05
2.1457672119140625e-05
2.9087066650390625e-05
2.6702880859375e-05
1.6689300537109375e-05
4.1484832763671875e-05
4.553794860839844e-05
3.170967102050781e-05
3.123283386230469e-05
4.9591064453125e-05
3.9577484130859375e-05
9.775161743164062e-06
3.695487976074219e-05
1.8358230590820312e-05
1.0728836059570312e-05
4.291534423828125e-05
6.9141387939453125e-06
3.0040740966796875e-05
3.6716461181640625e-05
3.1948089599609375e-05
2.6941299438476562e-05
2.6464462280273438e-05
2.002716064453125e-05
2.9087066650390625e-05
2.7894973754882812e-05
4.38690185546875e-05
3.8623809814453125e-05
2.3603439331054688e-05
4.9114227294921875e-05
3.647804260253906e-05
4.291534423828125e-05
3.266334533691406e-05
2.4080276489257812e-05
6.127357482910156e-05
5.2928924560546875e-05
8.368492126464844e-05
4.887580871582031e-05
1.0967254638671875e-05
4.315376281738281e-05
3.528594970703125e-05
1.5020370483398438e-05
2.193450927734375e-05
5.6743621826171875e-05
3.7670135498046875e-05
3.6716461181640625e-05
4.100799560546875e-05
3.266334533691406e-05
1.5735626220703125e-05
4.9591064453125e-05
3.337860107421875e-05
4.792213439941406e-05
2.6464462280273438e-05
1.430511474609375e-05
1.7881393432617188e-05
2.2411346435546875e-05
1.3828277587890625e-05
3.552436828613281e-05
4.887580871582031e-05
2.5272369384765625e-05
5.054473876953125e-05
5.245208740234375e-05
6.747245788574219e-05
5.0067901611328125e-05
2.5033950805664062e-05
3.147125244140625e-05
3.457069396972656e-05
5.221366882324219e-05
3.9577484130859375e-05
5.125999450683594e-05
1.4543533325195312e-05
5.1975250244140625e-05
4.601478576660156e-05
1.0251998901367188e-05
9.5367431640625e-06
4.553794860839844e-05
4.124641418457031e-05
2.3603439331054688e-05
5.0067901611328125e-05
2.1696090698242188e-05
5.7697296142578125e-05
5.7220458984375e-05
2.8133392333984375e-05
2.9802322387695312e-05
1.8358230590820312e-05
2.384185791015625e-05
3.266334533691406e-05
5.14984130859375e-05
4.315376281738281e-05
3.790855407714844e-05
1.4543533325195312e-05
4.935264587402344e-05
4.482269287109375e-05
2.6941299438476562e-05
2.5510787963867188e-05
4.291534423828125e-05
3.123283386230469e-05
2.4318695068359375e-05
4.5299530029296875e-05
4.9114227294921875e-05
5.221366882324219e-05
1.4543533325195312e-05
9.059906005859375e-06
2.574920654296875e-05
8.821487426757812e-06
6.461143493652344e-05
5.078315734863281e-05
4.410743713378906e-05
1.2874603271484375e-05
4.649162292480469e-05
4.6253204345703125e-05
1.2874603271484375e-05
3.218650817871094e-05
1.6689300537109375e-05
5.817413330078125e-05
5.698204040527344e-05
3.552436828613281e-05
6.628036499023438e-05
5.412101745605469e-05
1.8358230590820312e-05
2.4557113647460938e-05
2.5987625122070312e-05
5.1975250244140625e-05
4.9114227294921875e-05
3.910064697265625e-05
3.147125244140625e-05
8.630752563476562e-05
0.00012755393981933594
1.7404556274414062e-05
4.220008850097656e-05
8.106231689453125e-06
4.887580871582031e-05
2.2411346435546875e-05
4.76837158203125e-05
2.6226043701171875e-05
8.821487426757812e-06
5.054473876953125e-05
4.601478576660156e-05
2.8371810913085938e-05
3.6716461181640625e-05
7.867813110351562e-06
2.7894973754882812e-05
3.4809112548828125e-05
4.649162292480469e-05
1.1444091796875e-05
3.361701965332031e-05
9.059906005859375e-06
2.9087066650390625e-05
2.1219253540039062e-05
3.266334533691406e-05
4.76837158203125e-05
3.361701965332031e-05
2.1696090698242188e-05
3.504753112792969e-05
1.0967254638671875e-05
4.0531158447265625e-05
3.910064697265625e-05
2.8848648071289062e-05
5.316734313964844e-05
1.8835067749023438e-05
1.811981201171875e-05
1.049041748046875e-05
4.57763671875e-05
6.127357482910156e-05
6.628036499023438e-05
4.673004150390625e-05
3.62396240234375e-05
1.621246337890625e-05
2.5510787963867188e-05
3.0040740966796875e-05
3.743171691894531e-05
4.553794860839844e-05
3.933906555175781e-05
1.2874603271484375e-05
5.7220458984375e-05
4.673004150390625e-05
2.09808349609375e-05
1.621246337890625e-05
3.8623809814453125e-05
3.719329833984375e-05
5.626678466796875e-05
3.337860107421875e-05
2.2411346435546875e-05
7.867813110351562e-06
3.5762786865234375e-05
2.3365020751953125e-05
4.673004150390625e-05
5.7220458984375e-05
4.649162292480469e-05
2.4557113647460938e-05
3.838539123535156e-05
3.0040740966796875e-05
4.291534423828125e-05
6.4373016357421875e-06
4.458427429199219e-05
4.458427429199219e-05
3.9577484130859375e-05
1.9550323486328125e-05
1.52587890625e-05
1.3828277587890625e-05
3.075599670410156e-05
