3564700853481
3564700853481
3564700853481
3564700853481
3564700853481
3564700853481
3564700853481
3564700853481
3564700853481
3166296555338
3166296555338
3166296555338
3166296555338
3166296555338
3166296555338
3564707102056
3564707102056
3564707102056
3564707102056
3564707102056
3564707102056
3564700562802
3564700562802
3564700562802
3564700562802
3564700562802
3564700562802
3564700562802
3564700562802
3564700562802
3564700769058
3564700769058
3564700769058
3564700769058
3564700769058
3564700769058
3564700769058
3564700769058
3564700769058
3564707090636
3564707090636
3564707090636
3564707090636
3564707090636
3564707090636
3564700013335
3564700013335
3564700013335
3564700013335
3564700013335
3564700013335
3564700426920
3564700426920
3564700426920
3564700426920
3564700426920
3564700426920
3564700426920
3564700426920
3564700426920
3179142054725
3179142054725
3179142054725
3179142054725
3179142054725
3179142054725
3179142054725
3179142054725
3179142054725
3564707001236
3564707001236
3564707001236
3564707001236
3564707001236
3564707001236
3229820794624
3229820794624
3229820794624
3229820794624
3229820794624
3229820794624
3168930008958
3168930008958
3168930008958
3168930008958
3168930008958
3168930008958
3168930008958
3168930008958
3168930008958
7613030432807
7613030432807
7613030432807
7613030432807
7613030432807
7613030432807
7613030432807
7613030432807
7613030432807
8711200552900
8711200552900
8711200552900
8711200552900
8711200552900
8711200552900