3166296555338
3179142054725
3168930008958
3564700013335
3229820794624
3564700426920
3564700562802
3564700853481
3564707102056
3564700769058
3564707090636
8711200552900
7613030432807
0702008409716
0224120824395
1295249280804
0288671089849
1140374723606
0214831785603
0100131548409
1842041334800
1776086218910
1972632564818
1416817218818
1723871200230
2863173648244
3306152898593
2222696654987
3385218747952
2579952304187
2097551747537
2234556132337
4610250289603
3733757415465
4549810215274
4680058858745
4714712129145
6024359328855
3492933656787
6543431989338
5197815054887
4850980932527
7077337889090
7113767491974
5585935879617
5291413564721
7768375053931
8032579290911
8054267938097
6980781447390
7777412795833
7877555559580
8159787246506
8309683407123
8347939008250
9348073134828
9983944740212
9526992147963
8783212977262
8304047931566
9999679180223
8382981041671
8552051839839