6308,0,0,1222,0,842,0,0,4382,0,0,273,0,0,0,0,4333,6850,860,5923,0,2502,8861,1383,1310,0,0,1776,0,3421,0,9828,7291,0,0,734,0,0,4951,0,5647,5716,1463,1432,0,7689,0,0,0,0,2642,0,4724,0,24,0,0,3509,5713,0,6110,0,6603,0,1467,1506,6255,0,73,5529,6732,3319,5655,9815,3826,0,6787,0,0,0,9710,0,3744,0,7499,0,2110,0,0,0,7493,0,3857,2088,1778,7719,0,0,0,3177
0,0,0,0,5467,3648,559,9439,2233,6234,1598,8852,7236,1466,0,0,7531,0,1160,8097,0,9068,0,0,4512,8117,2968,0,3183,3784,5943,0,7191,997,0,3865,8450,0,0,0,0,0,8639,3304,3475,0,746,0,6061,7184,0,5101,0,0,9564,0,0,3696,7127,0,0,0,545,0,4183,0,0,5013,3693,875,5049,9008,1657,6846,0,0,2907,4382,0,9013,0,2831,202,0,0,7794,7931,8833,0,0,0,4569,0,0,0,0,8454,3546,0,1263
0,0,0,0,0,0,0,5331,0,9458,0,9802,2360,1488,0,4072,0,0,6964,3638,0,971,0,9888,0,5642,0,0,0,3452,9709,0,0,1726,0,5575,6286,0,5071,5655,9531,0,0,0,0,553,0,0,7697,0,0,3142,8175,0,3131,3910,114,0,0,0,1954,0,0,5245,0,2629,0,0,0,7606,5711,5500,0,0,0,0,6266,4794,0,0,2926,0,5892,0,3035,0,0,68,0,7720,8883,0,6308,0,0,5700,8003,0,2111,180
4577,0,4138,0,9120,6939,566,0,6947,0,4174,467,3592,8061,6744,0,2233,0,9893,0,6079,0,9963,0,0,2433,0,0,0,0,0,0,0,7301,0,8020,6085,0,1804,0,9684,782,0,6298,1985,0,0,9564,0,535,0,0,2571,2740,1280,8507,0,0,0,0,0,6029,0,6802,0,0,0,7961,7283,0,0,0,0,8922,9443,0,4071,4382,0,0,2496,0,0,255,0,7395,510,5937,0,6258,0,6842,0,7603,0,2761,0,0,7087,2044
5162,2529,9959,0,0,0,0,801,6437,3109,0,0,7113,0,1444,8145,0,7279,687,8065,4956,2774,0,0,0,7803,5918,383,0,0,9789,0,2901,6764,0,0,0,0,0,7099,0,0,3720,0,0,0,0,0,0,0,3610,0,4966,2555,0,808,5972,5661,0,0,0,0,3850,2828,331,3947,0,0,1238,4120,2441,4037,650,6681,0,5200,0,0,0,0,4845,0,1422,9991,341,1538,0,0,7105,7071,0,8095,1779,0,6413,0,7853,0,0,0
4952,0,0,0,787,2591,6596,8760,8836,0,0,0,520,0,4725,4306,3777,0,0,268,2918,0,0,0,0,51,0,0,9512,0,9036,0,0,0,0,0,6061,0,1109,7460,3372,9892,0,0,0,908,6308,2927,807,0,0,0,6157,2022,9676,0,0,4220,0,4208,4402,0,0,9608,402,8512,1087,0,5409,6645,2204,5006,0,0,0,0,0,4135,0,0,0,1698,0,0,0,0,0,6051,0,1953,2996,476,2816,2728,0,0,7213,0,0,4174
0,8121,251,0,0,0,2120,0,5210,4465,0,0,0,1068,0,9506,0,0,0,5558,0,0,0,0,0,1549,0,0,7118,3966,1881,2714,1713,2477,0,0,0,0,0,0,0,0,2575,0,0,8172,0,0,3312,4290,0,5134,0,2117,0,0,7852,6584,1750,8681,2309,0,0,0,0,6056,0,7602,0,0,4488,0,0,0,740,0,3423,4094,0,3839,0,6688,1013,0,500,9396,9184,0,0,0,0,9942,0,4182,9595,4736,2407,0,0,836
2581,5107,579,0,0,7469,4468,1446,0,0,6678,0,6679,5619,0,0,9145,0,7238,7101,1084,7063,3562,2526,3169,2100,5518,6240,0,0,0,0,0,7366,579,0,0,0,5402,6087,4541,9693,0,5001,0,0,8904,723,0,0,0,0,0,0,5056,1962,7160,0,0,0,9931,0,5355,0,0,5752,0,0,0,5125,9825,0,0,0,7378,1833,0,0,6932,0,1055,0,9362,2872,3167,0,7205,2409,5329,0,0,0,4673,1381,0,0,7906,4860,0,2190
0,6123,6227,2500,5720,0,6872,1403,0,0,6719,0,0,9100,0,9664,0,0,8931,0,1392,826,1136,0,0,2873,0,2982,8118,7723,259,0,0,103,5798,0,0,2958,1876,0,0,0,0,0,6461,0,3789,7845,0,6628,0,0,1849,0,1731,0,0,7876,5565,0,0,0,7145,3323,3189,0,2229,0,0,1115,0,6304,4848,7542,1933,9428,6450,3730,9096,0,8011,5098,0,0,8761,1081,1919,0,2741,4868,0,0,5757,1262,0,0,2016,0,8338,0
688,0,0,9775,6449,2560,2431,0,0,0,0,0,0,0,0,8412,0,0,0,0,0,9667,1658,0,0,7972,0,9319,0,4604,0,0,1575,0,0,0,332,0,0,4172,7652,0,0,0,0,2919,7098,0,1497,897,8790,0,0,0,1457,0,0,5588,9618,608,0,0,6984,7180,0,3683,4321,0,3227,0,9022,4469,8349,1497,0,6074,0,844,7297,0,0,2761,0,0,8472,0,9609,7816,0,0,0,941,0,0,5110,0,5156,0,0,0
0,1052,0,0,0,4709,0,9911,8044,0,0,0,0,0,0,5973,7313,6548,2371,0,4499,0,0,0,3097,7600,5571,9085,0,0,1961,0,0,5891,0,0,0,0,8260,6995,0,0,4081,0,5077,5485,4510,0,0,0,5335,9664,0,1001,0,9391,0,0,6405,0,3426,0,6527,0,1259,3039,0,0,0,8351,0,6792,4252,2314,6144,9197,1684,0,0,8922,0,0,0,0,0,0,3101,0,0,0,3051,7857,9871,0,0,608,0,0,5653,7118
0,957,0,0,8889,4461,0,6401,0,0,0,5351,505,7835,0,6852,609,7469,0,0,0,2561,2826,1707,7096,3942,0,0,7893,5884,3948,0,0,3392,7429,0,0,0,2522,0,0,3559,7624,0,3125,0,0,0,4868,7338,1563,9951,3285,8918,7820,9137,0,0,6323,0,0,22,5803,7499,0,0,5350,0,1683,7107,5130,2032,6333,6197,8025,0,0,6222,0,0,0,0,4287,0,0,0,2236,0,9027,4908,5007,3842,922,0,0,8992,0,0,1628,1560
0,0,0,0,0,0,0,0,0,0,0,4881,8001,2908,6239,3539,8693,0,1340,1258,3241,0,652,9963,0,0,0,2423,0,0,6925,2123,0,8659,0,9235,8270,0,9450,2871,5962,0,2165,0,2697,0,0,2150,7873,0,4131,5467,0,7951,0,0,2018,0,0,0,9288,4526,4799,968,6557,0,0,5308,5486,9935,221,8658,9420,0,0,8468,0,0,0,0,0,616,29,2699,0,5191,3268,0,0,0,0,1701,0,0,0,3300,0,6738,0,9880
6295,0,0,4752,929,0,6176,8628,678,8810,7108,112,0,0,5008,3793,0,0,6801,1674,4784,0,3186,0,0,3328,0,6746,0,0,0,0,0,0,5578,3769,3652,93,0,0,9897,5769,6771,0,7086,0,0,8608,0,285,0,0,5333,7051,2488,0,1463,0,0,0,0,0,4076,0,8407,0,0,7459,0,8947,8585,2812,0,0,8518,3203,5331,5209,2390,0,0,0,4765,0,0,0,0,4565,7344,9089,4336,0,0,7724,4266,1464,0,7842,8697,0
0,0,6635,0,0,0,9287,0,4873,0,0,0,5046,4128,4367,9451,0,0,6094,0,1987,0,0,0,0,268,3984,1071,0,3811,0,0,0,1636,9580,8470,5803,0,0,0,0,7466,3802,0,0,0,0,3833,0,7832,0,330,7644,0,4162,7934,0,0,0,311,1909,1181,31,0,0,0,769,0,0,1590,0,0,857,1717,1287,0,0,9672,0,0,2998,7154,0,2541,0,0,0,0,0,237,0,0,0,0,0,2441,0,7373,0,0
0,9702,6047,0,8122,7493,9672,7031,123,0,0,0,2191,9330,0,2838,0,0,5547,0,9733,0,4887,9474,0,0,571,0,9190,6864,7127,6386,9175,7310,8240,770,0,9316,4068,6794,0,0,0,0,7396,5616,3543,0,596,643,4355,9498,5054,5577,5865,0,0,0,1303,5029,7274,2470,280,5985,0,0,0,0,293,0,0,9213,3531,6378,6636,0,0,2594,8755,0,0,0,0,0,0,8993,5008,0,0,7784,1781,0,8762,4665,7316,3857,0,6022,0,0
0,0,0,4348,0,0,69,3915,0,2265,6385,1533,0,0,6913,1524,0,0,0,4312,0,0,0,0,4818,3439,2765,0,0,4465,9678,4600,6773,2317,0,157,0,0,9104,5122,0,3615,3711,1929,0,3641,7304,5710,0,0,4859,0,0,0,4401,0,0,7802,0,0,2484,9801,143,5908,0,7447,0,0,6372,0,1928,9509,7810,0,9333,2891,0,0,0,4238,886,0,0,0,0,0,4976,2772,4897,0,2973,0,0,1675,927,5232,0,0,0,3665
0,0,1833,8315,0,1330,5973,5082,2787,586,0,0,0,6245,9686,345,0,0,7712,0,7119,14,0,0,5579,0,0,0,8267,0,0,3823,4974,6995,7419,0,4716,3470,0,2633,0,0,0,4758,0,3469,0,5948,427,0,4270,6421,0,9801,0,0,0,0,8711,7753,9195,8820,0,9116,0,0,8816,2925,0,9698,4691,0,0,4743,7411,6971,9465,4207,2674,6376,6082,1012,0,8597,3812,0,5512,0,0,5216,0,2967,5361,1271,0,2665,0,0,4732,0
0,5459,0,0,0,9311,7833,3413,9688,0,7190,8952,2975,0,3168,3095,9891,2506,0,0,43,6944,9780,9897,0,0,7352,4984,1568,0,0,1504,6243,0,0,2568,6120,6396,0,610,5990,8970,8434,0,9560,0,0,3467,8236,0,0,7130,0,0,0,2505,0,8741,0,0,3048,0,7601,4104,1968,8288,4099,0,2218,0,9396,0,0,8351,0,9764,469,6447,0,1047,4580,0,0,745,7666,0,0,0,5036,0,3286,1339,0,4350,9573,0,0,0,7761,0
0,0,1106,0,6289,0,9102,5496,5658,0,0,0,0,0,8320,0,0,7995,0,5245,0,9752,9981,5789,425,0,0,2082,0,0,3077,0,0,7929,0,2852,0,8354,0,4641,0,0,0,2769,0,0,2389,2072,7999,9052,2622,0,0,4099,945,1053,0,4036,1610,0,0,0,0,0,0,5812,0,0,0,0,466,0,9411,7946,3444,0,0,1807,1848,7607,3991,0,4537,0,167,0,5023,0,1345,6123,1258,7672,65,0,0,0,8795,3528,0,0
0,7932,0,8785,0,9678,0,9472,0,0,0,0,0,7204,9489,4499,0,0,0,5144,3621,0,0,0,6478,5899,4520,8947,5004,1322,1192,0,7023,0,0,0,0,0,0,5958,0,0,2150,7521,8902,0,7856,871,0,0,0,0,8427,0,7927,0,1572,5314,3974,578,2441,0,5669,2131,0,0,7762,0,8132,0,9030,0,0,0,0,2500,102,9591,5790,0,0,0,0,0,0,0,0,255,0,0,2975,7197,2649,1122,0,5831,0,0,8357,6591
0,0,0,431,7191,0,5392,1962,5263,3179,4732,9602,0,4197,0,0,0,3685,6792,5583,4606,6962,5341,0,0,9137,5957,6499,0,0,0,0,0,0,0,139,4300,4078,9089,5787,0,0,0,0,0,527,0,0,0,0,8693,0,9868,4355,0,3977,0,0,0,1847,3822,3763,0,4310,2419,0,7296,0,2036,8678,1356,0,0,7083,0,0,8663,1360,5479,8583,7870,9674,9792,0,0,0,0,8116,0,8632,0,0,5465,9529,0,6630,0,2399,0,0
0,0,0,0,8160,3056,6462,9904,0,1484,6181,9355,387,0,0,0,139,0,709,0,1395,0,0,0,0,0,8789,0,9109,0,0,0,9898,0,4821,4117,7038,6571,4209,0,0,1036,0,0,0,592,0,0,0,2995,2805,0,8151,7428,7247,2749,1620,0,0,0,7401,1513,0,5107,7607,0,5632,0,778,0,0,9079,8123,2701,0,1943,1833,715,0,3648,6039,5897,9131,0,276,0,9703,0,7366,0,4980,5921,1824,4966,0,8972,9038,7801,9708,4214
2143,3635,0,0,6633,5225,261,3114,0,0,3822,7178,0,9611,8476,0,7518,0,7661,9865,1040,1901,0,0,6902,8980,3196,0,5903,0,2890,8042,379,0,0,0,0,2259,9290,0,4129,4961,6109,0,8085,0,6984,0,7214,0,0,0,0,0,6549,0,4688,5868,0,9805,3164,0,8030,6076,0,6343,4777,5893,6681,0,898,0,0,0,0,9288,0,0,9131,2730,0,0,6938,0,0,0,1276,0,0,0,9054,0,0,0,0,3455,0,0,4349,5813
0,0,0,7258,2499,6940,6161,0,0,0,7411,0,0,0,1068,8584,0,0,4210,6110,4951,3351,0,9682,1754,0,5115,0,0,0,767,0,0,0,5632,9864,0,0,0,9040,2345,9312,9643,1368,5956,0,6847,0,9925,0,0,0,8780,0,0,691,4095,0,0,0,0,3220,9419,0,0,0,0,2287,0,7333,5000,78,8850,0,7303,0,2353,0,2507,0,0,0,8104,8942,2227,3421,2772,3219,0,5167,0,5423,0,398,0,7569,0,0,979,0
7018,0,4482,0,1459,0,4889,0,6522,3744,6574,7825,0,0,0,0,0,0,3341,0,0,0,0,0,9284,0,553,7522,0,1036,0,0,0,0,3196,5006,0,8170,0,0,0,0,4672,3465,0,4852,1119,6427,1834,0,1164,0,5474,5104,8219,204,23,0,604,0,7666,0,0,4081,5121,3095,0,4896,0,0,6163,0,0,9974,4469,0,2374,0,0,0,0,4234,846,0,0,1838,4928,0,0,0,0,0,1880,0,0,4903,5458,3925,0,3799
0,355,5940,0,6998,9915,0,0,8101,0,2720,0,2681,4758,0,9755,2089,0,3799,0,0,0,0,0,0,4154,0,388,9342,6286,3175,0,8367,4912,0,6121,4822,0,0,0,0,6950,0,2039,6307,0,5290,0,0,7485,7961,0,0,6126,0,0,1983,0,0,0,1235,7271,1035,0,0,7143,0,532,0,6688,0,0,9424,0,0,9519,0,0,0,0,0,0,0,8991,0,8526,0,0,0,8259,726,0,0,849,9587,3722,3383,0,8673,9068
0,0,0,3720,0,0,4969,0,0,0,5750,0,0,3114,0,9689,4307,951,1567,4122,1261,6969,2660,0,0,0,1730,0,3120,8475,4824,9176,0,0,0,0,0,2856,2938,0,1225,5697,0,8626,8979,0,2100,2815,2330,0,7018,0,0,0,9789,811,0,0,4728,4447,6132,0,4501,0,95,3407,3780,0,8079,0,0,1533,1757,9283,2044,3802,8386,0,2545,1263,9201,2883,7737,2140,8910,8156,0,0,0,5728,0,0,6616,9571,9147,3837,0,0,0,0
0,7952,8523,4347,4463,0,9046,0,3710,0,0,0,0,0,0,6563,9666,0,8397,0,7675,0,0,3905,8695,0,0,0,9732,3127,5607,8985,1119,6371,3694,6116,0,0,2815,9003,8600,4132,0,0,9471,0,0,6605,4373,9646,58,0,5718,0,0,1756,0,8695,6959,5165,1371,0,0,0,0,7320,8992,4022,8187,0,1131,0,8532,0,2832,0,0,0,0,0,0,1480,9949,6605,4822,2029,1236,0,3470,0,813,3593,9832,2531,7090,0,6954,8551,0,0
0,0,4483,0,8626,8774,0,0,8949,3270,7057,3323,8722,0,5343,3006,0,7295,0,0,1180,2985,0,7959,5635,0,0,4382,2662,0,3442,0,0,0,0,3358,3118,4739,2948,0,950,6856,0,4450,0,0,0,6627,0,0,0,2793,4391,6330,3340,0,0,0,8692,0,6490,5233,0,4386,0,9452,0,0,3639,214,0,7420,8739,3147,0,0,0,9998,0,9230,0,0,0,0,0,329,0,0,9672,7600,3648,2121,0,0,0,9220,0,0,5830,2104
7230,0,0,9830,4129,1742,977,1303,0,0,0,1389,6067,0,0,792,5104,0,7942,2135,2670,0,0,9363,0,8165,0,0,0,494,806,4771,8022,0,8111,2661,2998,0,0,0,2005,0,0,7084,7013,0,9800,6901,0,0,0,0,0,5118,1350,7458,0,0,0,0,0,4255,6229,8865,8384,6586,0,1162,0,0,8333,0,0,150,0,0,0,0,0,0,8916,0,3363,5627,0,0,3859,0,0,4578,8023,0,7037,3886,0,1663,0,0,0,3942
4004,0,0,1262,2859,0,2316,0,0,0,1059,0,0,0,0,6173,2297,0,0,4038,0,5719,0,0,0,0,8490,9799,8003,1993,0,0,0,9139,0,4720,443,0,0,0,0,4491,5994,3546,0,9489,9949,0,0,9342,5821,0,0,0,2595,5571,9936,0,5563,9195,2234,277,9077,3253,0,0,0,0,0,0,0,3442,1544,0,0,8675,7669,0,0,0,1575,4365,0,1060,9098,0,0,4762,0,0,0,0,0,3892,9217,0,1548,6703,3279,0
0,8604,4409,9525,0,27,0,8436,6577,6245,2946,0,3182,7731,5403,0,6404,7060,1946,0,3047,8425,8476,0,7100,0,4252,0,7693,3102,0,0,4220,0,8335,1200,0,0,0,0,912,2342,0,2554,0,0,0,0,0,699,0,0,0,0,174,0,473,0,0,3223,3916,9585,0,5061,9543,3490,1620,0,6994,638,5093,3232,0,0,3094,0,0,0,9807,0,2075,0,0,0,0,0,0,9522,0,8082,6994,0,0,405,0,0,8063,9952,207,8101
0,2701,343,4515,2012,0,650,5800,0,9656,0,0,0,9090,0,0,4685,0,0,0,0,3245,0,7468,2605,0,0,0,0,7304,1854,2466,0,6285,0,2690,342,0,0,0,255,7161,0,0,4953,7459,8256,381,0,5798,0,0,9989,0,5151,9549,0,1623,0,551,7542,7359,7027,8515,0,2780,1147,8097,0,7823,0,9268,1309,0,0,5242,7464,9704,0,5282,0,0,374,0,0,0,1923,3590,0,4525,7284,0,0,8106,128,7165,9213,8428,8364,5433
0,0,1790,0,8223,2109,4934,0,0,2488,0,400,0,9997,2012,0,7292,0,747,2484,0,0,0,0,8494,0,0,0,0,1284,8154,8471,2316,0,4360,1522,0,0,0,3981,0,0,0,1864,8557,7364,0,0,0,0,5264,5340,0,5949,8655,6327,0,16,0,0,0,0,0,0,0,0,0,0,0,9491,0,0,1108,8295,838,0,5903,6699,0,0,0,0,5311,0,2353,0,7991,0,2128,8146,4008,0,0,0,0,2500,0,0,1696,0
0,3484,0,6447,628,4013,0,3994,9286,0,1109,4929,0,0,5328,4546,5202,0,0,0,506,6021,0,5808,0,50,8238,6957,1120,4080,0,0,0,7240,0,0,0,4423,0,0,2202,2109,0,0,0,0,9753,0,0,0,3514,9763,2466,0,3860,0,2827,9952,0,0,4013,0,0,0,0,0,2302,0,2046,0,0,0,2131,9400,0,6167,836,0,0,2763,9498,7053,0,0,0,730,0,3896,0,0,766,6684,0,0,0,5984,0,0,3502,0
0,0,1952,0,0,5994,8328,5741,0,0,9426,1050,0,6059,0,0,0,8015,6913,6075,0,0,0,0,0,8235,0,9450,0,0,0,0,7016,2245,0,1996,0,0,0,0,0,3586,0,574,4668,0,0,0,0,0,568,0,0,6980,9149,3507,5463,4733,0,0,0,0,0,0,0,5077,0,9806,935,3732,0,0,0,2707,9092,0,8285,1504,4441,0,0,0,80,4574,5501,0,8359,0,5128,0,0,1813,4218,164,0,4697,8344,0,0,0
7825,0,233,9104,9725,1664,0,0,7083,0,0,505,0,6583,4555,4555,0,0,3471,708,6403,1915,2565,0,0,0,0,3225,5596,0,245,1861,4565,0,0,0,0,5868,0,5946,7559,0,0,0,0,0,3225,4603,5974,0,6545,9695,9878,0,0,5920,0,0,0,0,4058,3577,0,0,9117,0,0,0,5236,6281,5966,0,9155,4518,0,0,0,0,6755,5426,0,0,0,2486,7378,6322,58,1416,3163,0,0,8118,5229,0,0,3064,0,1902,864,0
2054,8481,0,1508,270,0,0,0,0,0,5172,6662,1572,6325,0,5745,0,7876,6621,0,0,0,0,0,0,7154,0,0,5978,0,5847,0,0,0,0,0,4623,2062,0,0,5072,0,0,0,8711,9170,7430,0,0,1672,1453,0,3914,0,0,0,7832,8318,9663,1144,0,0,0,0,7336,4841,0,5879,0,2990,0,6996,4047,0,5465,0,0,0,0,3628,9246,0,0,6174,0,9531,0,0,1502,5281,0,9631,0,0,0,9504,2164,2968,0,0
0,0,0,0,1629,0,0,0,0,507,7179,5798,0,8525,9567,3736,7665,0,0,0,8748,754,1952,0,0,0,3510,9562,9717,884,0,5084,4480,0,3849,8400,3505,938,7957,0,0,6405,498,0,0,0,4387,8375,0,0,4475,9938,8430,0,3553,0,6981,6625,0,6205,0,9917,0,0,9980,1650,0,0,0,1426,4330,0,4913,0,6258,0,0,0,0,5666,0,0,8019,94,0,0,7073,0,4313,0,4356,0,4065,0,0,0,0,2980,0,4584
3094,0,1540,0,4103,9598,1020,1618,0,0,972,0,0,7536,0,0,2787,0,3290,0,5936,0,0,3590,0,784,3156,9288,0,0,2440,0,0,4094,7404,0,1251,0,4898,1068,8677,0,0,0,0,0,0,0,1069,0,0,0,7731,9981,0,9017,0,1696,1037,7971,4731,0,8120,7431,5393,0,0,362,5072,0,0,0,0,0,0,0,643,2514,0,0,21,5554,0,2627,8899,8768,0,6753,2484,9140,9672,255,8616,0,0,2414,7575,9909,0,4034
0,0,0,0,5215,4049,0,0,3320,5159,0,4123,0,0,0,0,5943,0,0,5809,1059,0,3097,2049,0,0,0,3053,710,0,0,0,4111,9165,9039,0,0,0,8940,0,0,9913,6898,0,0,0,0,0,0,0,1267,0,0,0,0,0,3841,0,0,0,9887,4988,0,0,0,9221,0,0,4590,8007,6279,0,5342,0,9762,0,9204,0,0,0,6582,328,6380,0,0,0,0,4993,0,7233,9921,2981,4598,0,1272,2414,0,0,7771,8115
7293,2059,0,9454,4903,0,0,3883,3779,8137,1706,0,0,8124,6660,4119,0,0,5843,9930,0,0,4531,8133,0,0,0,181,0,9252,0,9759,0,519,2107,0,0,1649,1262,0,0,6605,873,332,7053,982,8453,0,0,6653,311,289,0,0,0,0,5902,1998,0,5691,0,3866,1458,5673,737,9139,4579,7276,1837,6826,0,5201,0,5925,0,2512,816,8840,9197,6360,0,7024,0,0,3818,0,0,0,0,8239,5911,0,0,0,0,0,0,0,6541,0
8303,8996,0,7400,0,9470,0,0,0,9343,0,9828,0,7815,7959,0,0,5652,2904,1741,0,0,0,0,3098,3506,694,6512,0,610,9580,7667,0,6614,3839,1491,3937,2417,9212,0,2477,6647,5319,0,0,1259,0,5323,0,2153,0,6830,2953,0,0,0,7242,0,5266,0,2412,0,8387,0,9437,0,9698,399,7877,5023,4767,0,1553,0,0,7575,4089,4843,4577,0,0,8291,6628,3988,0,7041,4238,0,3586,0,0,0,8026,0,0,0,7187,6361,0,0
4180,6286,6775,0,4392,4640,0,0,0,7033,0,0,0,3644,0,4989,0,9485,4006,8033,9296,0,6796,0,1857,0,9837,0,8975,0,0,0,7881,0,0,7332,9115,0,2932,1885,7866,0,9082,4638,0,7974,5556,0,0,0,2227,0,0,0,6839,9378,0,2231,0,8365,0,9266,8560,0,1699,9328,0,0,1605,8703,0,0,0,0,0,0,2565,2455,0,2047,6662,7605,8194,0,212,0,7195,252,3846,4504,839,0,7311,0,3340,5231,6398,2832,0,0
5065,0,0,6164,2525,1468,5672,7214,2584,0,8275,5294,5596,1534,4088,0,4930,0,889,7713,9801,0,0,7936,7727,0,0,6302,5318,5705,6565,0,4324,6496,8742,0,0,0,3743,0,2106,6490,0,9368,5900,0,0,8003,5740,0,6822,0,0,5588,7716,97,5741,6227,0,4576,4540,8834,8381,0,6040,0,0,0,4261,1618,0,0,6986,735,0,0,5019,0,8965,9513,0,3315,6616,6936,0,2725,0,9167,515,6369,3980,2425,0,8203,0,8410,0,0,4245,6243
0,6938,6315,4448,0,2346,0,1604,924,4296,1283,5926,5842,0,8676,4025,0,7440,2936,0,9829,4486,8891,0,4897,0,0,7618,220,0,0,0,9256,5285,9389,9058,0,0,0,0,4730,0,0,0,6970,0,6659,0,7804,638,0,2478,5680,4950,7864,0,0,0,7720,0,6877,4967,3437,1219,549,0,5908,0,0,0,7186,0,0,7758,0,0,7159,7137,0,2124,2679,0,14,0,5330,4239,0,7008,2119,6115,7745,0,0,0,0,6371,9739,9061,4476,4787
0,0,0,690,0,5024,0,0,0,5969,0,8335,0,1021,3997,0,0,3202,8958,0,0,630,9936,911,8647,3016,0,0,0,0,8507,0,0,0,2532,281,8606,6190,2964,4601,0,0,8191,8399,0,0,0,4397,0,0,2815,4124,2912,6811,2597,501,0,1869,0,7802,0,1608,0,3165,0,5090,0,0,0,0,6868,0,7151,1928,6522,5577,1399,2129,0,2009,0,9203,8882,5675,0,0,0,0,641,0,0,2519,0,338,9782,3462,0,0,9171,3876
0,7827,0,0,0,0,7910,9634,3827,3784,0,5969,0,0,0,1546,8828,0,0,6652,0,0,0,5049,0,0,407,0,4435,0,0,8400,0,6141,390,0,0,0,0,6004,0,0,8450,0,0,0,7074,9713,2205,6841,4871,0,3465,9255,0,822,0,5721,0,183,8262,3834,0,890,1720,139,7109,0,0,7496,0,6601,898,0,0,62,0,2275,0,0,5128,4986,360,0,0,1206,0,0,5388,2696,8671,0,0,0,0,0,0,4368,0,0
0,6438,4830,4579,0,7590,0,0,4600,3751,4713,3286,8745,2909,4689,3418,4302,0,0,7472,5829,0,4219,1543,0,7278,0,5317,0,1066,0,3819,0,6263,0,4391,7666,4943,3043,7698,0,9767,0,0,3963,1815,65,9548,0,6918,605,0,0,0,5690,0,0,7570,0,2169,0,4744,7777,0,0,0,0,0,6520,7033,7445,0,6013,8464,6584,0,5785,1272,6686,4586,0,2978,0,5154,0,3986,3946,4447,7025,4901,5880,0,0,5480,0,5655,2776,9896,2326,5564
2222,0,0,0,3473,0,0,0,0,8290,9292,0,0,8641,6509,0,6576,0,0,0,0,681,0,8587,0,7678,0,4390,9618,0,8050,0,9192,2680,2075,4488,1364,0,969,0,0,0,4650,0,7095,2075,8369,0,0,6713,5820,0,8463,0,9007,493,0,6508,0,5252,5087,4828,0,0,0,0,9825,0,0,0,1235,0,0,1891,1055,4932,606,5063,5410,0,0,0,6714,7554,0,6039,0,0,0,3788,0,8658,0,0,0,2477,7835,0,9229,0
8297,0,5653,0,0,0,776,4240,0,0,0,0,0,1452,0,0,0,1597,2562,0,0,6634,9513,0,2846,3002,645,0,0,3574,0,0,4564,0,0,0,0,3287,0,5784,624,0,0,3481,4928,0,0,884,0,325,0,289,0,3129,0,5050,0,0,6412,0,2838,7005,467,0,0,8849,0,0,0,3770,8037,1542,9461,0,0,3219,5932,0,0,8524,0,8061,8659,0,0,8297,0,5949,0,0,8134,0,8331,4206,9381,4600,0,4083,0,7480
0,0,4138,0,3454,0,7997,0,0,106,0,2539,1009,0,8566,0,4959,0,7383,0,43,0,6458,0,4414,0,0,535,0,0,2931,863,6002,2887,0,0,0,3112,0,0,2279,0,0,7405,0,4660,0,0,0,0,9871,0,0,0,3347,3782,1491,0,0,393,5850,0,3997,915,0,0,9407,1381,0,0,0,0,0,0,6481,9728,9102,2,2107,9776,0,8820,0,0,3862,9527,1815,3553,3095,2117,2103,0,0,0,1520,0,2273,0,0,0
0,0,4859,8020,2303,0,0,0,7182,0,577,0,134,7784,0,3417,0,0,0,0,0,0,8952,0,6167,1768,344,6028,7095,0,6172,7376,4866,1291,0,9409,6856,0,0,0,0,7218,581,9698,0,0,0,0,0,0,0,5982,8977,0,0,0,0,0,6417,6543,2771,0,0,2709,768,0,0,3688,2935,8836,0,0,0,0,8883,0,0,0,8337,0,7452,274,0,246,6243,900,0,0,9501,0,0,9181,0,2593,3024,0,7696,2234,6312,0
0,0,349,0,0,2156,0,0,0,0,9399,287,0,0,4913,0,0,8267,0,0,0,0,8756,4983,0,0,6432,3429,9813,4143,8821,6980,6111,0,7619,0,0,8723,9629,6055,0,0,9122,0,0,9910,0,0,0,4249,0,8161,1016,0,0,1182,4992,0,7868,0,5726,0,0,0,438,0,0,0,0,0,0,5128,0,0,5344,1636,4545,9278,2006,0,2820,0,5357,2534,0,0,647,0,5655,7227,0,0,6683,148,0,8547,0,0,0,0
0,0,0,0,1768,0,0,0,7713,0,0,0,0,27,3302,0,8005,0,0,0,1473,0,0,4635,4363,7540,7631,2945,9483,0,0,0,4258,1567,0,0,2209,0,0,2887,0,0,5295,6899,7008,3497,0,6937,4814,6248,0,4096,0,2159,9506,0,2587,0,0,0,1502,0,0,0,0,6424,0,6892,5820,2006,0,0,0,0,7447,0,5908,7188,604,0,4345,0,0,0,0,6292,9339,0,7946,3720,0,0,1756,6053,9099,3647,3054,5334,0,0
6154,3474,0,8367,0,0,4986,0,9632,0,0,0,4106,6651,1552,0,0,1832,365,3037,4164,0,0,1103,0,2919,9821,7274,5466,4405,4921,2037,0,377,7263,3994,0,8311,9138,6818,6273,4699,0,0,0,4166,8412,8633,584,7563,0,1196,0,0,9752,0,0,5735,5339,0,0,3116,8076,0,0,0,9049,6296,0,0,2232,4138,0,0,2729,6396,0,0,8962,125,0,0,3411,0,0,0,0,4068,0,2556,0,0,0,8197,4841,694,0,9604,0,0
2575,0,0,8473,5904,5969,3395,0,8769,0,0,7579,1408,0,7547,0,0,0,0,0,0,7073,0,6586,2064,0,589,0,0,1791,0,0,7182,0,0,0,6828,0,179,8629,3139,0,1762,0,2650,5479,0,0,4768,6482,0,0,0,0,6732,9101,0,0,4778,0,0,0,0,4068,2490,0,0,0,9176,1118,0,0,9306,5324,4927,5933,4988,1665,0,0,0,9211,0,8208,0,9912,0,480,6191,0,411,0,446,0,0,6389,7671,0,7994,7485
5452,0,0,0,9164,0,9854,0,6417,0,0,8586,0,4592,7585,0,4420,3693,9725,0,0,0,6590,5943,4697,6012,0,8573,0,5721,0,0,5789,1950,5367,0,7977,0,0,7300,0,0,0,6223,0,4660,3768,8534,0,0,3096,8556,2282,6468,0,0,0,60,7437,0,0,0,0,98,0,0,3261,3479,0,9368,0,0,3118,0,0,5337,0,8298,0,6761,0,2356,2244,5420,4389,0,0,2478,0,6539,0,0,5891,0,270,4132,626,5211,0,0
0,0,8500,1581,0,2736,4945,0,7214,0,7869,0,5313,9418,9318,3819,0,0,1853,0,0,0,0,0,7283,0,0,0,0,0,0,8695,8221,6585,0,0,0,0,0,5869,4441,0,0,0,534,0,0,0,7135,0,9509,3550,0,0,0,0,4078,0,0,0,3780,9919,7805,2827,0,2726,9473,0,7065,8129,0,0,5842,0,5468,0,1619,1887,0,7746,4687,9498,2218,7622,0,1007,0,0,0,0,0,0,7399,318,0,9867,0,2965,0,0
4825,3520,8542,0,0,0,219,4018,0,0,8250,1508,0,3560,4246,1665,6193,0,0,4821,0,0,0,0,5394,8707,0,0,0,0,0,0,4973,9919,662,0,0,4130,8981,6370,7214,4684,1613,0,4619,0,0,360,1463,0,0,0,0,0,1466,8613,0,0,0,355,2670,0,0,7325,0,2636,0,0,2386,4594,5281,6370,0,0,0,3647,2975,0,6405,0,74,6836,0,7459,1788,0,0,0,1648,5374,0,0,3591,0,3692,8329,4441,2661,0,0
0,0,0,5823,4471,266,2536,0,7669,8867,0,4277,6733,0,0,9427,0,4621,0,6693,639,3344,9837,1873,0,951,0,0,0,561,0,0,7778,0,0,0,0,4019,0,0,9367,0,0,1387,0,9616,0,4773,0,3965,1614,0,7862,0,0,8125,5092,9616,9561,2148,4721,0,8401,0,0,3025,7131,189,0,6472,2659,7439,0,0,0,2626,0,3817,0,0,0,0,0,2285,0,0,6919,0,3154,4762,7968,0,0,2604,5944,0,0,0,1789,617
0,0,8231,7657,0,3674,1624,689,0,1173,7172,6313,0,4380,0,0,2783,0,0,0,0,0,0,0,0,0,0,0,0,0,0,0,1181,0,1080,7187,940,0,0,4720,0,0,6508,0,0,0,1200,0,2363,1243,6974,0,0,5423,0,5362,3399,0,8506,0,0,764,3997,0,0,0,1827,0,0,8594,8354,7307,0,3246,0,3100,8459,3299,4902,7663,1243,0,8328,0,4371,0,0,386,1670,0,8955,7842,9766,9047,2540,0,8844,7505,4755,999
2009,9538,532,4020,0,0,1111,1040,0,0,0,6201,8767,0,4052,0,0,5767,0,4060,1986,0,9127,3468,4817,0,7240,5811,4911,7209,7024,6341,6754,0,1879,0,2638,8984,0,0,0,3242,6910,0,0,0,0,5732,6517,2816,0,0,0,0,0,9900,3796,154,0,0,0,9030,3662,0,0,4233,3799,0,0,6219,0,0,4450,6859,7447,0,0,0,5193,7168,0,0,7929,0,9005,0,0,0,469,0,0,1943,0,5641,7891,0,1521,0,4340,7443
0,6734,9014,6093,575,0,7763,0,0,3908,0,0,8413,0,1739,909,0,7545,4188,0,7688,0,0,0,0,7749,0,7325,0,3604,2677,0,0,0,1720,2192,0,0,5160,9141,0,0,0,6678,0,0,0,0,0,0,0,0,0,0,689,2758,5922,7911,0,3105,0,0,1368,0,2807,9302,0,9057,0,950,3955,7611,0,0,6637,0,2708,0,0,3314,1502,0,4870,8101,0,0,7517,541,0,0,3009,0,5602,366,162,0,0,0,4976,6052
0,8821,2653,0,1458,0,0,0,7391,0,9818,0,2605,0,0,0,1700,9192,0,2614,0,0,0,0,0,0,2848,0,0,7313,0,9204,0,0,6663,0,1766,0,0,8275,4922,1654,6059,0,0,0,0,427,0,0,6739,3807,0,689,2300,0,6546,0,172,0,0,0,0,8139,7727,0,6554,0,0,0,2435,9232,0,1837,0,0,2416,493,4389,2546,0,0,0,7210,9856,0,3604,0,0,3917,4583,0,0,703,0,7896,0,5474,8310,0
0,0,6788,0,4960,0,0,7950,4063,1531,3100,0,0,0,8607,0,0,0,5071,7705,0,704,0,0,0,6595,1169,1145,1987,0,0,7879,0,8461,9485,4360,0,4420,0,0,9541,0,0,0,0,5585,0,6309,7213,0,0,0,3513,6782,0,0,9661,523,0,9781,3369,8831,3148,0,9874,0,7761,0,0,0,0,2675,8282,7242,2486,3097,3960,0,973,1304,9158,0,4709,0,0,1092,0,0,0,0,9621,5985,7144,2900,0,0,4074,0,0,6475
6334,7586,0,8807,3543,0,1736,3358,5460,0,0,0,0,7293,0,6117,1303,0,3294,6210,0,0,0,0,0,5314,437,0,0,0,1687,0,227,5460,0,0,9034,207,0,0,9419,0,8591,0,0,3704,1943,0,0,0,3829,3316,5264,0,0,1727,4066,0,0,2437,9073,0,5055,5578,0,6499,5192,9347,0,1131,0,4441,6880,6425,5003,0,0,5814,4947,3876,5668,8312,2316,0,5682,2741,3519,6157,0,5428,0,1876,4122,0,5311,0,3727,0,6653,0
0,0,5203,4939,0,0,8115,8155,0,0,2555,0,0,0,7870,5806,0,0,6298,0,6530,0,0,7450,0,0,0,0,9517,6771,2234,0,8884,8821,9228,7591,0,3140,0,0,0,0,0,6508,4381,3542,7131,1646,1606,0,0,0,0,0,3778,0,0,0,5885,1695,0,6426,8423,6070,0,0,6276,6106,0,0,0,6136,2659,4874,0,0,0,7807,4617,5798,0,3232,7465,3783,0,9182,0,244,0,1788,2248,7335,0,0,6826,3578,3027,0,0,0
2219,0,0,0,3166,0,0,8197,0,643,0,5544,9532,0,0,61,3093,0,0,0,0,7218,0,0,9956,0,0,0,4635,7756,6099,795,528,0,3785,0,0,1879,9074,1394,8044,0,4733,4946,3516,0,0,0,0,9235,0,0,1935,9249,0,8123,0,9139,7837,2021,0,3377,0,1752,672,7613,0,0,2500,6876,0,0,0,0,0,2482,0,28,1428,0,221,0,0,8744,0,0,0,0,0,4440,5064,6325,2458,8279,2391,8444,0,9103,0,0
719,0,0,5923,1913,428,2365,0,0,0,2346,0,0,0,4048,0,0,0,0,2371,8422,6635,2757,0,7097,0,8648,0,0,1346,6097,9479,9370,0,3552,9118,0,3049,0,5836,0,1189,0,0,3747,2025,9790,8090,0,0,124,0,142,0,1173,0,0,0,9659,2823,0,3203,3001,7177,0,6651,2059,0,0,9950,5036,0,0,8039,141,0,7689,7120,0,214,0,0,0,6183,197,3881,0,0,0,0,8022,3907,5940,0,1113,0,0,0,0,5936
1760,4829,2709,0,0,0,210,4787,0,0,8257,9173,0,3619,6550,5774,2589,0,5942,5522,0,389,9238,0,5062,6024,0,7769,0,9052,8822,7695,0,1782,2883,6907,8207,0,0,8681,0,300,0,0,0,0,3201,2835,0,0,3659,0,5293,806,7300,0,0,5359,0,9754,5368,4706,0,9321,0,0,4081,0,1358,0,0,0,7149,6989,0,6796,0,1829,0,0,0,0,0,0,7282,0,0,0,9890,9759,0,8599,8849,1123,8177,0,6406,0,964,0
0,2820,0,1735,0,7838,3705,637,7092,0,0,1655,0,0,0,0,7681,0,1143,9483,0,0,4011,0,7445,0,8296,0,5356,0,0,0,0,9153,3089,8023,7973,2639,0,2409,0,6236,7413,0,4245,0,0,0,0,642,0,0,2198,0,6252,0,8134,0,0,0,0,634,0,0,1759,4556,6669,0,0,4740,0,2075,0,8375,7255,0,0,0,0,1286,0,0,6903,3510,0,0,8013,8195,6736,0,4298,0,0,7734,0,2328,4988,2806,0,0
6507,4769,0,9446,1790,8201,7002,0,0,6387,3440,5239,8486,1284,0,6817,3350,0,0,0,0,0,0,2600,4399,0,0,4975,0,0,617,0,5887,0,0,0,6127,0,4107,0,0,0,6559,0,4565,411,0,0,6299,0,6760,6018,0,0,5386,6574,0,0,3110,9578,4928,0,0,0,0,0,5424,0,0,0,5314,8342,6705,0,0,0,1296,2197,0,0,0,3465,7621,1777,3524,0,3849,0,7844,9725,9244,0,2022,0,3227,1629,0,247,6353,0
8585,0,2845,4774,0,2644,6477,8575,6990,5455,8477,5529,5793,0,0,8731,0,4205,0,0,1506,0,0,745,0,0,274,5406,2649,0,0,2937,0,673,1305,7132,6453,6298,8252,0,8763,6587,3895,7745,2572,2101,686,9947,0,0,9500,996,8277,9587,4751,0,6117,0,3522,0,6594,0,0,0,0,9866,2648,122,5136,0,0,5579,0,6090,0,0,0,3773,7554,6846,0,0,0,9773,0,2606,3248,4115,0,8674,4357,0,0,9272,0,5526,0,2002,0,0
6411,0,0,4930,0,7454,9621,0,6121,0,1371,0,4404,3235,3835,2605,9578,6237,2811,2236,0,0,153,0,0,0,4682,0,5649,0,0,4372,0,2756,7109,469,2330,5565,0,0,0,0,0,329,0,5080,9650,1821,7580,665,0,0,0,0,0,7831,0,0,7936,0,0,0,9030,0,5168,0,7315,0,0,0,5465,4069,6917,8249,680,2880,621,0,433,0,0,571,0,0,3856,0,668,0,0,614,1001,1789,9534,0,0,0,6822,0,0,5594
0,0,2391,1162,1590,1610,2933,1466,6846,587,0,0,0,2041,1971,0,0,2961,9746,0,4824,6859,0,0,3766,0,0,0,8466,0,4981,0,0,0,0,3407,2429,4262,2594,6201,0,0,0,0,0,7001,0,0,0,8509,0,0,863,0,0,0,388,3053,0,438,0,0,336,3702,0,0,0,8019,0,0,0,0,2470,0,0,4900,6576,6066,0,0,0,8661,0,0,0,1867,2613,1544,0,0,1638,0,5911,4598,0,0,0,1531,1681,0
1490,6814,0,0,0,3153,1583,0,0,0,0,0,2776,0,5968,0,0,3286,0,3404,0,762,8712,0,8012,9492,0,1353,0,0,0,0,3658,0,0,0,0,5463,8206,0,6628,0,0,0,4324,9709,6710,0,4361,0,7384,0,4555,0,6480,1680,0,0,7167,0,3808,0,5298,0,0,3626,0,0,0,0,5898,224,0,3885,5194,6177,0,9353,0,0,0,1587,0,0,8524,3485,190,1375,0,0,0,8382,0,3571,9943,3313,3409,276,7214,0
5490,9523,2585,3685,0,0,0,0,0,1480,7197,2020,0,0,1538,4061,0,0,881,0,0,0,7595,4290,4259,0,2554,3952,0,0,9305,0,1428,0,0,7621,5418,8383,332,6268,4627,1886,0,0,0,4771,0,0,9169,0,6146,0,3946,0,7415,0,0,0,2641,1947,0,0,0,5583,3370,0,0,0,0,1259,4452,7823,0,0,0,5415,0,0,5243,4663,3145,0,3575,0,840,3943,0,0,0,4373,0,0,0,3632,0,409,0,2755,5654,6730
0,0,0,251,229,2014,0,0,0,0,0,0,0,4858,0,0,7950,0,0,6422,0,0,1467,9622,4229,0,1675,8362,1818,2227,0,6778,5248,0,0,7474,0,0,0,0,2061,2806,0,0,9,0,0,0,17,9147,0,0,9084,6114,0,6253,2431,3545,0,1812,2591,0,4542,785,4539,5880,1240,510,993,0,2376,0,0,7757,0,4540,0,8305,0,0,953,6250,0,0,0,0,0,5415,0,0,1251,0,0,0,7471,7113,9352,4448,2548,0
3810,8873,8095,0,6672,0,0,0,1330,0,4588,0,8997,8986,9019,0,0,0,0,7190,0,7865,7882,3680,993,5475,0,0,0,0,0,3714,0,7572,0,0,0,3756,8677,8064,9422,0,3141,2764,3658,4213,8611,0,0,7794,0,6709,8528,0,4920,804,8625,891,5259,0,3914,5159,5522,0,0,0,0,0,7800,6949,0,8854,8105,5264,0,0,8172,3142,0,0,744,5388,0,0,910,4660,0,0,0,0,6636,0,9388,8431,0,9317,8602,0,0,4293
0,0,8651,0,9408,6308,5813,9450,2587,4706,6241,3183,0,0,3492,0,5967,0,3358,0,0,575,0,0,0,6366,0,1656,4532,0,5086,0,9329,433,6314,8139,0,0,6372,0,0,0,0,5101,81,0,0,8803,1864,4084,3904,0,6266,0,4026,0,0,0,0,0,0,0,3566,2681,5477,8117,6126,3077,3647,5557,0,2660,0,9137,0,0,0,5684,5713,0,3955,218,5548,7405,4027,7371,0,3007,5784,0,6647,0,7544,7174,0,0,0,1700,926,9730
288,9392,0,0,4263,0,6036,0,0,0,0,1696,0,7015,0,0,1236,5089,0,9600,0,0,0,0,0,0,0,0,4424,9374,0,5791,8225,6642,5670,0,0,0,0,5879,0,5171,0,4474,3069,0,5927,3105,0,0,6644,0,3103,30,0,2768,0,0,0,0,8402,0,0,1394,0,0,6974,0,9178,0,0,0,0,5753,0,3433,0,0,8046,7401,7267,4876,8350,0,640,6970,9985,0,829,9615,0,7627,0,9947,4693,8537,0,0,0,0
9730,0,8048,6137,0,0,0,6394,0,9962,0,0,0,3762,6531,658,0,0,1784,0,7559,0,6606,168,6212,7862,5751,0,0,9558,0,0,157,1842,0,4892,0,4731,690,6105,5262,5547,943,8733,3681,0,0,733,8899,0,1189,8998,0,7095,2149,3204,6389,0,0,0,0,5926,7669,4557,0,1551,0,0,0,6020,8461,0,5886,0,5700,0,9203,0,3329,0,0,0,3454,9797,0,0,4851,0,0,0,0,3576,6448,8339,2811,9058,0,6860,0,0
0,0,3178,9956,0,0,0,3211,0,6626,7516,3105,9650,0,0,0,0,2288,2242,0,5561,7299,890,0,1375,9241,8065,2915,217,906,0,4682,0,0,0,0,4255,0,0,0,2761,0,0,1129,0,0,0,0,8438,0,8182,8236,319,0,7679,4941,281,4048,0,0,9738,0,0,7054,8640,399,0,4089,0,0,0,529,595,9606,9308,8732,0,2591,9454,0,0,0,0,0,920,552,0,5375,0,5587,0,0,0,0,2393,1699,0,0,0,7681
109,0,2767,0,0,9722,5695,0,0,7513,5168,0,9915,0,0,6844,0,0,5056,0,7721,0,4852,0,3086,1820,6320,0,0,5796,916,5144,6394,109,3402,0,0,4299,6631,0,0,0,2152,4118,0,930,8280,7764,0,3194,0,0,9902,9784,0,792,9408,0,0,0,7712,5170,0,0,7097,0,0,0,595,4294,0,1158,284,0,0,9017,0,4233,0,5643,0,8765,5941,4358,0,0,3837,0,9298,0,6362,0,0,9190,3267,0,0,0,0,0
2741,4098,0,1244,0,415,0,8093,0,0,7204,5616,0,8821,440,4189,604,5077,9353,7968,3039,4282,0,0,2429,5680,184,0,3434,0,0,0,0,4646,0,8209,3840,6304,7319,0,0,0,6375,5694,0,0,0,0,0,0,3067,0,0,0,2594,1321,136,0,0,6846,0,0,0,9390,5413,1921,0,0,0,0,0,0,3222,3568,0,929,0,8748,0,0,0,7035,0,0,0,3510,0,2922,1308,6843,0,0,0,0,0,0,0,0,9833,1840
0,0,0,0,6569,3650,0,0,9223,0,1993,0,2518,0,4029,3834,0,9113,0,8795,0,3518,0,5435,3519,0,0,0,0,0,2229,0,6971,8159,227,0,0,3375,0,0,4861,0,3359,2214,8349,7348,8119,1583,3180,888,0,1764,9571,0,0,0,7066,0,274,0,0,0,0,6981,0,0,0,326,0,0,3634,0,6298,0,0,0,8864,780,0,0,4053,2066,3847,4740,0,0,1736,0,7194,0,0,0,0,4416,4574,0,0,9385,4904,8387
0,0,5135,0,2807,9187,0,3374,6010,0,0,0,8107,2626,0,6153,0,0,0,1959,3673,0,66,3945,0,0,0,2251,7401,1987,0,1713,2807,0,0,0,0,469,7194,0,0,1549,0,4526,464,0,126,0,0,2787,333,2956,5175,0,7445,1875,5528,2006,0,1273,3400,6608,0,0,6881,0,0,0,916,2546,0,815,6437,7691,0,6270,0,0,0,0,396,0,4745,0,0,3625,0,7526,0,93,0,0,0,9201,0,7771,0,7627,7195,90
0,1751,0,7951,0,0,0,2138,166,0,0,9753,5962,0,0,9900,8743,0,4734,735,0,6154,7270,0,1631,1532,0,3289,3899,0,7010,9265,7968,0,5147,0,16,0,2335,0,0,4105,614,3146,0,0,0,0,6045,0,1613,0,0,1223,0,0,7217,547,1589,4719,4863,7164,0,0,0,1797,0,0,8123,0,0,5181,0,8549,0,7678,119,505,2722,6495,2700,0,0,0,4462,2459,4562,0,2188,6240,0,0,0,958,4495,0,0,2496,0,0
0,0,0,0,0,0,1144,7379,3736,0,0,0,7058,0,1228,0,1080,0,9516,0,0,6450,1978,719,8132,0,0,0,0,0,0,1614,6858,0,0,3502,0,4935,6003,0,9778,102,3333,1483,0,8031,5720,1394,0,0,6032,2056,6102,7421,0,4555,0,0,0,7016,0,0,6241,4424,8815,7001,5351,0,0,0,231,0,6180,4712,687,6453,7913,6128,0,0,1517,0,7592,0,3845,0,0,0,0,3054,0,0,0,4774,0,0,3654,452,7452,4068
0,0,5993,0,8910,961,0,0,0,0,2460,691,6700,0,3033,307,0,914,8567,0,0,0,0,4588,7269,2783,0,0,0,1335,0,6567,0,0,2135,0,1931,0,3048,4521,2095,0,1245,0,8103,9425,8305,0,1862,0,0,4576,0,0,2785,8638,0,0,0,9911,0,8668,525,870,4759,2431,0,1078,8257,310,8613,6386,0,0,9481,0,0,0,1808,98,0,0,0,0,0,0,0,1107,416,0,0,9355,0,0,0,3149,6196,0,0,9519
1306,0,7723,9146,0,0,8251,0,7578,5011,0,0,0,8776,3177,0,0,605,0,0,2623,5225,0,5382,0,6515,5560,0,549,0,4370,0,0,0,0,7688,0,8635,0,0,284,6789,5868,0,0,0,0,3601,0,1686,342,0,2923,0,6560,0,0,9981,0,0,7480,0,2208,0,0,503,2888,3872,0,0,9883,1937,0,458,0,0,0,8032,199,0,6171,0,3324,4072,1968,9419,0,7773,6768,2919,8517,0,0,0,3322,0,1017,0,7228,9370
2646,0,7881,0,7597,0,4161,0,0,4188,7382,2003,8890,0,0,8871,0,485,0,3276,5288,3310,7540,7436,3096,0,0,0,0,7733,0,0,226,2157,0,0,3639,0,1313,0,0,0,8518,9611,6744,0,0,0,3301,0,7845,9042,7799,2021,8972,5911,0,0,8673,3001,4268,6078,0,4110,8698,3819,0,0,665,0,3417,0,2036,0,669,7001,0,2018,1475,0,0,5131,0,4174,0,3045,0,0,7990,1447,0,4775,2006,0,8446,2783,0,4980,0,82
0,3928,2503,0,0,4123,6659,2719,0,2729,0,5535,0,7336,9929,0,0,0,9301,2087,0,9421,0,0,0,0,0,0,8190,0,0,8148,0,4707,5566,0,3376,5178,0,0,0,0,9929,7446,0,4887,0,8003,0,0,0,4302,0,6802,0,6681,0,0,0,0,605,0,0,0,0,0,5239,6218,0,0,5322,2775,0,932,7853,8500,0,4855,5887,371,0,6748,0,1825,0,0,7713,6211,4132,0,0,5590,0,9588,0,0,0,5975,3976,8280
0,0,0,0,8953,0,2506,7998,6269,8436,0,4251,0,2647,3080,8308,0,0,0,0,519,7010,0,0,9682,0,121,0,6555,3887,0,0,0,8994,0,2849,9622,0,0,5923,1672,4164,5319,0,9453,1129,0,1527,4905,6472,8793,0,2291,9221,0,2322,8580,0,0,0,0,0,0,0,3920,0,6403,5367,0,6598,3192,0,4128,0,2118,0,2414,0,9492,8037,7039,0,0,0,3439,0,6174,0,0,8030,9935,0,2551,8468,0,0,0,4029,3295,0
4236,8660,8550,0,9128,0,2704,9296,2008,5239,8718,8650,0,0,0,0,0,0,0,0,1663,1401,1007,0,721,0,2471,0,0,0,814,930,792,0,0,0,9301,0,0,3790,0,0,0,0,0,9548,1750,0,0,4319,4903,0,7126,9402,5458,0,0,6214,0,0,0,537,8230,1612,0,0,0,0,0,2368,918,6529,0,6458,3298,1568,0,0,4064,8174,0,5586,6777,0,0,8808,863,8177,499,0,5496,1034,0,0,2606,0,2799,4733,5155,0
2323,0,7493,7408,0,0,0,0,0,5258,0,0,0,0,0,0,0,0,9705,5460,0,0,0,6314,0,0,9726,0,0,2081,5531,0,1816,0,0,0,5913,0,7922,8184,0,0,2345,0,4068,9961,9201,1077,9593,0,0,4379,0,0,8007,2614,0,7363,8924,0,0,0,7282,0,0,7877,7717,0,5259,0,3143,6197,4424,0,0,8429,0,0,0,3507,4146,1355,0,2043,0,1960,5744,4567,0,6212,1008,9351,90,0,0,0,0,0,0,0
0,0,0,204,0,0,8933,2264,0,61,0,0,0,1361,0,0,0,7388,4542,0,0,7243,0,4845,6169,0,4981,5410,5783,3286,0,0,7221,0,8568,0,0,7298,0,8745,0,0,8985,1738,2901,0,0,6763,5054,0,4527,0,0,3312,0,8640,969,0,0,0,0,3364,4720,0,4288,1575,0,0,8569,0,2953,656,0,146,0,0,0,1953,1028,0,299,0,2248,5917,0,0,0,0,4253,0,0,0,0,0,8619,9847,5585,0,2761,0
9924,0,0,0,263,7448,0,119,4267,0,0,2507,8251,4275,300,0,9773,6808,0,8326,0,5348,7304,0,8773,0,8493,0,3775,7606,0,0,0,1250,0,0,1766,2137,0,0,1938,4961,0,0,6249,637,1923,8578,0,0,0,0,0,3595,1833,258,7435,8007,390,0,0,0,8432,1597,9570,0,9434,620,0,0,0,0,3111,9059,0,7180,0,5987,4343,6002,8259,0,0,0,2390,0,4651,3196,8457,7648,8479,0,9492,0,3199,9644,0,0,9802,0
