16,19,15,25,31,4
21,19,23,3
2,24
27,5,32,15,3
2,19,23,8
29,28,18,22
21,19,28
1,17,30,11
26,17,30,16,19,28
29,28,18,22,1
17,13
15,25,31,7
8,17
14,4,29,28,20,32,2
6,19,15,25,31
15,6,19,23,30,1,17
3,25
13,9,10
23,15,6,12
7,19,23,30
28,19,23,30,13
24,28,20,32
20,15,6,19,23,30,1
14,4
25,31,4,23,15
24,28,20,15,3
28,20
32,15,25,31,24
9,19,15,25,31,7
25,31,4,23,3
2,19,15,25,31
5,32,15,6,19,23,30,13,14
32,15,25,31
6,19,23,30,13,14
2,19,28,18,22
9,19,28,18
31,4
30,16,19,15,6
1,17,30,11,9
1,17,27
26,23,3,5
28,19
3,25,31,4,23,30,1
13,14,25,31,7
23,3,25,31,4,27
4,29,28,18,22
14,4,29
1,18
14,4,29,28,18,22,5
13,14,4,29,28,18
32,15
4,27
26,23
2,19,23,30,13
30,16,19,15
3,25,31,4
1,20,15,25,31
2,19,32
26,17,30,11,9
21,19,23,30,16
8,31,4,29
7,5,32,15,6,12
29,28,19,23,30,16
1,20,15
29,28,20,15
29,28,20,32,2
31,24,28,9,10
23,15,6
24,28,18,22,5
8,30,16,19,32
32,15,6,12
4,29,11
29,28,20,32
31,4,23,30,1,17
32,15,3
30,16,19,15,25
22,20,28,9
28,9
7,5
25,31,24,28,20,32,2
20,15,25,31
21,19
27,5,32,15,6,22
15,32,2
8,31
19,32,2
31,4,29,11
31,24,28,18
19,28,9,10
12,5,32,15,25,31,4,27
29,28,20,15,21
8,15,3
26,17,30
3,25,31,4,27
6,19,15
10,29,26
13,14,4,23,15
10,29,28,9
6,19,23,30,11
31,4,27
30,16,19,15,25,31
19,15
13,14,4,23,8
9,19,23,30,1
11,9,24
11,9,19,28,18,22
17,30,16,19,15,6
23,3,25,31,24
1,17,13,14
9,19,23,8
28,20,15,21
25,31,4,23,30,13
12,5,32,15,3,18
25,31,24,28,20
11,9,19,15
28,20,15,3
32,15,6,22,5
7,5,32,15,25,31,4,29
10,29,28,20,15
11,9,19,23,8
14,4,29,28,9,10
16,19,23,30,13
17,4
16,19,28,18,22
11,9,19,28
21,19,23
6,19,28,27
22,25,31,4
15,25,31,4,29,26
28,20,15,25
9,24,21
29,28,20,7
29,28,20,15,6
29,28,20,15,25,31,4
21,14
23,3,18,22
2,19,15,25
27,8
22,20,15,6,19,23,30
14,4,29,28,18
32,15,25,31,4,29,26
7,18,22
1,20,32
26,23,3
14,4,19
3,5,32,15
7,19,23,8
2,19,15,25,31,4,29
24,27
10,29,28,20
15,21
4,23
17,30,16,19,15
24,28,20,15,6
13,14
23,15
12,5
7,5,32,15,25,31,24
18,22,20,15,6,12
28,20,32
5,32
3,18,17
19,23,30,13
26,23,3,25,31,4,29
24,21,11
6,19,23
30,16,19,15,25,31,4,29
11,9,19,15,25,31
18,22
23,30
24,28,20,15
30,1,20
18,22,20,15,6
1,17,30,11,9,10
27,17,30,16,19,23
3,25,31,4,19
30,16,19,15,25,31,4
28,19,23
26,23,8
16,19,23,30,1,17
17,30,1
24,28,18
6,12
31,4,23,30,1
31,4,23,30,13,14
23,30,16,19
17,13,26
16,11,5
5,10
15,25,31,4
9,19,15,6
2,19,28,18
20,15,6,19,23,30
5,32,15,6,19,23,30,16
6,22
15,6,22,20
10,29,28,19,23,30,13,14
7,19
20,15,3
14,11
26,17
21,11,9
15,6,22,5
16,19,15,25,31
8,30,13
26,17,12
7,5,10
21,11,5
4,23,30,1,17
15,25,11
30,16,19,15,25,31,24
29,28,20,15,25,31,24
25,31,7,5
17,30,16,19,15,25
3,25,31,4,29,12
25,31,4,27
19,15,25,31,7
29,28,19,23
32,15,25,31,7
22,25,31,24
25,31,4,23,30,1,17
11,9,10
1,17,13,26
6,22,20
2,19,15,25,31,4
15,25,31
7,18
27,5,32,15,21
12,5,32,15,6,19,23,30,1,17
5,32,2
4,23,3,25,31,7
27,17,13,26
27,17,30,16
18,22,1
8,30,11,9
25,31,24,21
1,20,15,25,31,4
20,15,6,19,23,30,1,17
10,29,28,20,15,25,31,24
29,28,19
21,19,28,18,22
11,5
30,16,19,23
32,15,28,9
18,22,25,31,4,29,26
11,9,19,23
4,23,3,25,31,24,21
31,24,28,20,32
13,14,4,23,30,16
1,20,15,6
29,28,19,23,30,13
9,19,23,30,16
18,22,20,15,6,19,23
31,4,23,30,16
7,18,22,1
6,19,23,30,16
24,21,14
15,6,19,23,30,16
11,9,19,23,30,13,14
1,20,32,2
14,4,23,8
31,4,29
27,5,32,15,25,31,24
12,5,32,15,6,19,23
10,29,12
21,25,31,4,29,12
1,20,15,25,31,4,29
18,22,20,15,6,19
16,19,23,30,13,26
9,19,28
19,23,30,1
2,19,28,9
20,28
18,22,25,31,4,29
16,19,15,25,31,4,29
2,19,28,27
17,30,1,20
22,25,11
8,30
9,19,23,30,13
11,9,19,23,30,1
3,25,31,24
13,14,4,27
21,19,23,30,1,17
10,29
20,28,9,10
18,22,20,7
26,23,15
23,30,16,19,28
16,19,23,3
22,20,15,21
8,26
24,28,20,32,2
5,32,15,6
8,30,16,19
19,15,25,31,24
13,14,4,23,30
32,15,28,9,10
3,25,31,24,28
26,17,13
28,20,15,25,31,24
18,22,5
7,5,32,2
25,31,4,23,8
14,25,31,7
28,20,15
7,19,23,30,11
27,5,32
25,31,4,23,15,6
11,9,19
32,15,6,19,23,30,13,14
10,29,28,18,22
21,11,9,10
27,17,30,1
9,19,23,30,13,14
4,29,28,18,22,5
16,11,9
7,5,20
12,5,32,15,25,31,24
6,19,32,2
15,25,31,4,27
15,28,9,10
30,16,19
15,6,19,23,30,1
9,19,23,30,11
24,28,18,17
21,19,15,6
31,4,23,3,25
16,19,23
29,28
22,5,32,2
29,11
21,19,23,30
4,29,28
15,28
23,30,16
21,25,31,7
4,29,28,9,10
5,32,15,25,31,4
27,5,32,15,25,31
30,16,19,32,2
13,14,4,23,3
11,9,19,15,6
13,14,4,29,28,20
12,5,20
31,4,29,26
26,17,30,16,19,32
5,20,7
27,5,32,2
5,32,15,6,19,23,30
16,19,28,27
3,5,32,2
19,23,3
2,19,23
4,29,28,20,32
24,28,19,23,30,13
5,32,15,6,19,23,30,1,17
5,32,15
23,3,25,31,4,29
17,30,16,19,23,3
27,5,32,15,25
19,28,18
29,28,20,15,25
22,25,31,4,27
2,19,15
27,17,12
5,32,15,6,19
7,5,32,15,25
21,25
22,5,10
21,19,23,30,13
5,32,15,28,9
30,13
23,30,11,9
6,19,23,30
20,15,25
30,11
7,5,32,15,21
26,23,3,25,31
13,9,19
1,20
15,6,19,23,30,13,14
14,25,31
31,24
28,19,23,30,11
14,4,23,15
8,15,6,22,5
16,19,28
8,15,25
16,19,15,6
10,29,28,20,32
28,18,22,1
18,17
25,31,4,29,12
23,30,16,19,32
10,29,28
15,28,9
2,19,15,25,31,7
8,15,6,22
11,9,19,23,30
22,20,15,6,19,23,30,16
31,4,23,15
20,15,25,31,24
13,9,19,32
19,15,25,31,4
1,20,15,21
7,19,23,30,13,14
4,23,30
28,19,23,30,13,14
32,15,6,19
6,19,28
11,9,19,23,3
17,13,14
9,19,15,25,31,4
24,28,20,15,25,31,4,29
26,21
2,19,28,9,10
17,30,1,18
32,15,25,11
5,32,15,6,12
4,29,28,18
29,26
20,15,6
19,23,30
9,19,23
19,28,20
28,20,15,6
15,6,19,23
6,19,28,18
23,3,25,31,7
4,23,3,25,31
29,28,18,17
14,25,31,24
19,15,25,31
31,24,28,18,22
27,17,30,11,9
21,19,32
3,25,11,9,10
20,15,6,19,23,30,16
25,11,9
25,31,4,29
17,30,16
19,23
17,30,11
20,32
9,19,15,25
24,28,20,15,6,12
30,16
1,20,15,25,31,24
9,10,29
31,4,23,8
10,29,28,18,22,5
19,15,21
27,17
12,5,32
24,28,20
7,5,32
6,22,5
19,28,18,22,5
11,5,32
1,20,15,3
27,5,20
17,30,16,19,28
1,23
4,29,12
12,5,32,15,6,22
24,28,20,7
19,28,9
22,5,32
5,32,15,25,31,4,29
7,5,32,15
9,19,23,30,1,17
8,31,24
1,17,30,16
20,32,2
3,25,11,9
20,15,6,19,23
31,4,23,15,6
5,32,15,3,18
19,32
11,9,19,15,25,31,4
13,14,4,23,30,1
32,15,21
8,31,4
10,29,28,20,15,25,31
15,3
5,32,15,28
25,11
18,22,25,31,24
20,15,6,12
32,15,6,19,23,30,1,17
16,11
16,19,15,25,31,24
26,17,30,16,19
4,23,3
22,20,15,3
10,29,28,27
22,20,15,6,19,23
26,23,3,25,31,24
32,15,6,19,23
18,17,30,16
15,6,19
9,19,23,3
8,15,21
23,3,25,31,24,21
21,25,31,4,29,26
22,25,31
9,19,28,18,22
32,15,6
14,4,23,30,16
8,30,11
27,5,10
11,21
31,4,23
3,5
22,1
31,4,23,30
2,19,28
18,22,5,10
32,15,6,19,23,30,16
7,5,32,15,25,31,4,29,26
30,1,18,22
22,1,17,13
24,28,19,23,8
11,9,19,23,30,13
4,23,30,13
20,15,25,31,4
15,6,19,23,30,13
15,6,12
1,17,30
31,24,28,9
4,29,28,9
28,20,32,2
3,5,32
4,23,3,25,31,24
12,5,32,15,25,31,4
11,9,19,15,25
2,19,23,3
4,23,30,13,14
24,28,18,22,1
5,32,15,6,19,23,8
22,25,31,4,29
27,17,13,14
20,15,6,22,5
7,5,32,15,3
2,24,21
17,30,11,5
12,5,32,15,3
18,22,20
8,30,16,19,28
9,24
32,15,6,19,23,8
9,10,29,26
2,19,23,30,13,26
20,15,21
1,17,13
32,15,6,19,23,30
25,31,24
22,5
22,20,15,6
7,19,23,30,13
25,31
9,19,15,25,31
31,24,28,20,32,2
16,19,15
7,19,23,30,16
7,5,32,15,25,31,4
29,28,20
27,5,32,15,3,18
14,25,31,24,21
17,30,16,19,15,25,31
8,30,16,19,23
16,19,23,30,1
1,18,22,5
14,4,23
28,19,23,30,16
6,7
3,25,31
13,14,4
12,5,32,15,28,9
4,29,26
12,5,32,15,6,19,23,30,16
30,11,9
17,30,16,19
24,28,18,22
10,29,28,20,15,21
20,15,25,11
18,17,30,11,9
3,25,14
21,19,28,18
28,20,15,25,31,4,29
3,25,31,4,29,26
17,30
28,9,10
12,5,32,15,25,31,4,29
26,23,3,25
24,28,20,15,25,31,4
2,19,23,30,16
26,23,3,25,31,4
29,28,19,23,8
14,4,23,15,6
19,23,30,1,17
28,20,15,25,31,4,29,26
22,1,17
32,15,3,18
11,5,32,2
24,28,9
14,4,23,30
11,5,20,7
32,15,25
21,19,23,8
9,19,15
