0.0005869865417480469
0.0006923675537109375
0.0001811981201171875
0.0004413127899169922
0.00040984153747558594
6.079673767089844e-05
0.0003752708435058594
6.461143493652344e-05
0.0005717277526855469
6.985664367675781e-05
0.0001728534698486328
0.00034427642822265625
0.0001952648162841797
0.00012683868408203125
0.000537872314453125
0.0006308555603027344
0.0006594657897949219
0.0003237724304199219
0.00036716461181640625
0.0002598762512207031
0.0003707408905029297
0.0002579689025878906
0.00036835670471191406
2.5510787963867188e-05
0.00017380714416503906
0.0003001689910888672
0.000324249267578125
0.0003407001495361328
0.00023984909057617188
0.0002040863037109375
5.3882598876953125e-05
0.00033283233642578125
