0.0003600120544433594
0.00035858154296875
0.00020885467529296875
0.0005431175231933594
0.00017070770263671875
0.0001201629638671875
0.00015234947204589844
9.632110595703125e-05
0.0003814697265625
0.00013136863708496094
0.00026035308837890625
0.0003027915954589844
0.0001506805419921875
0.0002999305725097656
0.00021958351135253906
0.00034618377685546875
0.0003044605255126953
0.0003609657287597656
0.0003261566162109375
9.298324584960938e-05
0.000484466552734375
0.000247955322265625
0.00034999847412109375
5.7697296142578125e-05
0.0001742839813232422
0.00025177001953125
8.749961853027344e-05
0.0002288818359375
9.751319885253906e-05
0.00011730194091796875
0.00010347366333007812
0.00017070770263671875
